0 0.600059 0.767354 0.024297 0.023262
0 0.432813 0.753408 0.020820 0.020840
0 0.272510 0.636631 0.019668 0.020840
0 0.444385 0.649307 0.020840 0.027676
0 0.015566 0.509775 0.019688 0.019668
0 0.608213 0.394736 0.026504 0.023145
0 0.535820 0.316611 0.020820 0.024316
0 0.440400 0.310244 0.026504 0.023145
0 0.486641 0.312559 0.021992 0.023164
0 0.626094 0.087441 0.016211 0.021992
0 0.586279 0.084434 0.017363 0.018516
0 0.508096 0.082178 0.023262 0.020723
0 0.469268 0.080439 0.017363 0.022090
0 0.159658 0.061973 0.020840 0.021992
1 0.502012 0.322461 0.995977 0.242969
