0 0.23557692307692307 0.5144230769230769 0.02283653846153846 0.016826923076923076
1 0.5 0.49278846153846156 0.9963942307692307 0.171875
1 0.4987980769230769 0.2776442307692308 0.9975961538461539 0.23197115384615385
1 0.5 0.046875 0.9939903846153846 0.08052884615384616
1 0.4987980769230769 0.6466346153846154 0.9939903846153846 0.13341346153846154
0 0.7644230769230769 0.18990384615384615 0.018028846153846152 0.018028846153846152
0 0.5901442307692307 0.27524038461538464 0.019230769230769232 0.019230769230769232
0 0.6838942307692307 0.27163461538461536 0.021634615384615384 0.018028846153846152
0 0.13581730769230768 0.30288461538461536 0.02403846153846154 0.021634615384615384
0 0.16826923076923078 0.06850961538461539 0.019230769230769232 0.019230769230769232
0 0.07932692307692307 0.38461538461538464 0.018028846153846152 0.014423076923076924
0 0.7548076923076923 0.49158653846153844 0.018028846153846152 0.016826923076923076
0 0.7163461538461539 0.49278846153846156 0.018028846153846152 0.018028846153846152
0 0.640625 0.4963942307692308 0.019230769230769232 0.018028846153846152
0 0.6021634615384616 0.4987980769230769 0.016826923076923076 0.018028846153846152
0 0.5276442307692307 0.5036057692307693 0.016826923076923076 0.015625
0 0.30528846153846156 0.5108173076923077 0.018028846153846152 0.018028846153846152
0 0.49038461538461536 0.5048076923076923 0.020432692307692308 0.020432692307692308
0 0.1658653846153846 0.5180288461538461 0.019230769230769232 0.019230769230769232
0 0.09615384615384616 0.5192307692307693 0.018028846153846152 0.018028846153846152
0 0.8040865384615384 0.6430288461538461 0.014423076923076924 0.019230769230769232
0 0.7728365384615384 0.6430288461538461 0.013221153846153846 0.015625
0 0.7403846153846154 0.6466346153846154 0.014423076923076924 0.016826923076923076
0 0.33774038461538464 0.6538461538461539 0.018028846153846152 0.018028846153846152