0 0.6814903846153846 0.49759615384615385 0.019230769230769232 0.019230769230769232
1 0.4987980769230769 0.9651442307692307 0.9915865384615384 0.06610576923076923
1 0.4963942307692308 0.7259615384615384 0.9927884615384616 0.22596153846153846
1 0.5360576923076923 0.5024038461538461 0.9182692307692307 0.16706730769230768
1 0.59375 0.35216346153846156 0.8088942307692307 0.12860576923076922
1 0.1658653846153846 0.05889423076923077 0.328125 0.11778846153846154
1 0.09495192307692307 0.15504807692307693 0.18389423076923078 0.07091346153846154
0 0.46274038461538464 0.7151442307692307 0.021634615384615384 0.02283653846153846
0 0.6502403846153846 0.7211538461538461 0.02403846153846154 0.027644230769230768
0 0.578125 0.640625 0.026442307692307692 0.020432692307692308
0 0.8016826923076923 0.6478365384615384 0.02403846153846154 0.02403846153846154
0 0.8978365384615384 0.7307692307692307 0.025240384615384616 0.03125
0 0.8329326923076923 0.5012019230769231 0.019230769230769232 0.02403846153846154
0 0.9122596153846154 0.5012019230769231 0.025240384615384616 0.02283653846153846
0 0.390625 0.43149038461538464 0.015625 0.020432692307692308
0 0.47596153846153844 0.4326923076923077 0.021634615384615384 0.021634615384615384
0 0.5372596153846154 0.4338942307692308 0.021634615384615384 0.020432692307692308
0 0.7331730769230769 0.3485576923076923 0.021634615384615384 0.019230769230769232
0 0.8305288461538461 0.34975961538461536 0.015625 0.018028846153846152
0 0.41947115384615385 0.7127403846153846 0.02283653846153846 0.02283653846153846
1 0.04447115384615385 0.234375 0.08774038461538461 0.08653846153846154