1 0.4987980769230769 0.9711538461538461 0.9975961538461539 0.052884615384615384
0 0.4387019230769231 0.5 0.018028846153846152 0.019230769230769232
1 0.5 0.3605769230769231 0.9963942307692307 0.1310096153846154
0 0.9783653846153846 0.36177884615384615 0.019230769230769232 0.018028846153846152
1 0.4987980769230769 0.5060096153846154 0.9975961538461539 0.15144230769230768
0 0.040865384615384616 0.7127403846153846 0.02283653846153846 0.018028846153846152
1 0.49759615384615385 0.7259615384615384 0.9939903846153846 0.203125
0 0.5576923076923077 0.3545673076923077 0.013221153846153846 0.01201923076923077
0 0.09014423076923077 0.4375 0.025240384615384616 0.015625
0 0.171875 0.4375 0.019230769230769232 0.014423076923076924
0 0.23197115384615385 0.4387019230769231 0.02403846153846154 0.015625
0 0.8221153846153846 0.5096153846153846 0.018028846153846152 0.015625
0 0.9411057692307693 0.5120192307692307 0.019230769230769232 0.019230769230769232
0 0.9002403846153846 0.5120192307692307 0.020432692307692308 0.019230769230769232
0 0.5913461538461539 0.5036057692307693 0.018028846153846152 0.018028846153846152
0 0.5144230769230769 0.5012019230769231 0.016826923076923076 0.018028846153846152
0 0.36658653846153844 0.4987980769230769 0.020432692307692308 0.018028846153846152
0 0.4254807692307692 0.6442307692307693 0.021634615384615384 0.015625
0 0.21033653846153846 0.6370192307692307 0.025240384615384616 0.018028846153846152
0 0.9855769230769231 0.7427884615384616 0.021634615384615384 0.02283653846153846
0 0.5024038461538461 0.7235576923076923 0.021634615384615384 0.018028846153846152
0 0.27163461538461536 0.7199519230769231 0.027644230769230768 0.021634615384615384
0 0.08774038461538461 0.7127403846153846 0.021634615384615384 0.021634615384615384
0 0.28365384615384615 0.9591346153846154 0.019230769230769232 0.015625
0 0.671875 0.9747596153846154 0.018028846153846152 0.018028846153846152
0 0.4326923076923077 0.9639423076923077 0.018028846153846152 0.018028846153846152