0 0.25240384615384615 0.921875 0.021634615384615384 0.020432692307692308
0 0.8305288461538461 0.796875 0.016826923076923076 0.020432692307692308
0 0.6502403846153846 0.7091346153846154 0.020432692307692308 0.021634615384615384
0 0.7451923076923077 0.7151442307692307 0.019230769230769232 0.019230769230769232
0 0.1875 0.6814903846153846 0.02403846153846154 0.021634615384615384
0 0.125 0.6009615384615384 0.026442307692307692 0.021634615384615384
0 0.6778846153846154 0.4855769230769231 0.021634615384615384 0.02283653846153846
1 0.4987980769230769 0.9507211538461539 0.9975961538461539 0.0889423076923077
1 0.4987980769230769 0.7067307692307693 0.9975961538461539 0.234375
0 0.7560096153846154 0.4891826923076923 0.019230769230769232 0.021634615384615384
0 0.7956730769230769 0.49158653846153844 0.018028846153846152 0.02283653846153846
1 0.5 0.4963942307692308 0.9927884615384616 0.15264423076923078
0 0.765625 0.3389423076923077 0.015625 0.015625
0 0.35336538461538464 0.3233173076923077 0.013221153846153846 0.015625
0 0.7980769230769231 0.3425480769230769 0.013221153846153846 0.015625
0 0.5637019230769231 0.4807692307692308 0.015625 0.020432692307692308
0 0.8293269230769231 0.3425480769230769 0.015625 0.018028846153846152
0 0.3401442307692308 0.47115384615384615 0.019230769230769232 0.019230769230769232
0 0.2644230769230769 0.4651442307692308 0.02403846153846154 0.02283653846153846
0 0.19230769230769232 0.4639423076923077 0.021634615384615384 0.021634615384615384
0 0.11899038461538461 0.46033653846153844 0.020432692307692308 0.021634615384615384
0 0.6382211538461539 0.4831730769230769 0.019230769230769232 0.02403846153846154
1 0.4987980769230769 0.33533653846153844 0.9963942307692307 0.15144230769230768