1 0.4987980769230769 0.028846153846153848 0.9975961538461539 0.052884615384615384
0 0.4387019230769231 0.5 0.018028846153846152 0.019230769230769232
1 0.5 0.6394230769230769 0.9963942307692307 0.1310096153846154
0 0.9783653846153846 0.6382211538461539 0.019230769230769232 0.018028846153846152
1 0.4987980769230769 0.49399038461538464 0.9975961538461539 0.15144230769230768
0 0.040865384615384616 0.28725961538461536 0.02283653846153846 0.018028846153846152
1 0.49759615384615385 0.27403846153846156 0.9939903846153846 0.203125
0 0.5576923076923077 0.6454326923076923 0.013221153846153846 0.01201923076923077
0 0.09014423076923077 0.5625 0.025240384615384616 0.015625
0 0.171875 0.5625 0.019230769230769232 0.014423076923076924
0 0.23197115384615385 0.5612980769230769 0.02403846153846154 0.015625
0 0.8221153846153846 0.49038461538461536 0.018028846153846152 0.015625
0 0.9411057692307693 0.4879807692307692 0.019230769230769232 0.019230769230769232
0 0.9002403846153846 0.4879807692307692 0.020432692307692308 0.019230769230769232
0 0.5913461538461539 0.4963942307692308 0.018028846153846152 0.018028846153846152
0 0.5144230769230769 0.4987980769230769 0.016826923076923076 0.018028846153846152
0 0.36658653846153844 0.5012019230769231 0.020432692307692308 0.018028846153846152
0 0.4254807692307692 0.3557692307692308 0.021634615384615384 0.015625
0 0.21033653846153846 0.3629807692307692 0.025240384615384616 0.018028846153846152
0 0.9855769230769231 0.25721153846153844 0.021634615384615384 0.02283653846153846
0 0.5024038461538461 0.2764423076923077 0.021634615384615384 0.018028846153846152
0 0.27163461538461536 0.2800480769230769 0.027644230769230768 0.021634615384615384
0 0.08774038461538461 0.28725961538461536 0.021634615384615384 0.021634615384615384
0 0.28365384615384615 0.040865384615384616 0.019230769230769232 0.015625
0 0.671875 0.025240384615384616 0.018028846153846152 0.018028846153846152
0 0.4326923076923077 0.036057692307692304 0.018028846153846152 0.018028846153846152