1 0.7415865384615384 0.9170673076923077 0.5120192307692307 0.1622596153846154
1 0.9399038461538461 0.25841346153846156 0.11538461538461539 0.17067307692307693
1 0.21875 0.6033653846153846 0.4338942307692308 0.12259615384615384
1 0.24158653846153846 0.4579326923076923 0.47836538461538464 0.1466346153846154
1 0.8701923076923077 0.4723557692307692 0.2536057692307692 0.1346153846153846
0 0.013221153846153846 0.22235576923076922 0.019230769230769232 0.021634615384615384
0 0.020432692307692308 0.5168269230769231 0.018028846153846152 0.016826923076923076
1 0.28125 0.23076923076923078 0.5600961538461539 0.19471153846153846
1 0.8293269230769231 0.609375 0.33653846153846156 0.11778846153846154
1 0.7800480769230769 0.8004807692307693 0.43509615384615385 0.07211538461538461
0 0.08533653846153846 0.5180288461538461 0.020432692307692308 0.019230769230769232
0 0.17427884615384615 0.5192307692307693 0.021634615384615384 0.016826923076923076
1 0.7980769230769231 0.7163461538461539 0.38100961538461536 0.0889423076923077