1 0.78125 0.3858173076923077 0.4362980769230769 0.11298076923076923
0 0.06129807692307692 0.47836538461538464 0.014423076923076924 0.015625
1 0.18990384615384615 0.5396634615384616 0.375 0.15865384615384615
1 0.171875 0.38822115384615385 0.3389423076923077 0.12379807692307693
1 0.22115384615384615 0.7776442307692307 0.4375 0.22115384615384615
1 0.8713942307692307 0.7307692307692307 0.25240384615384615 0.18269230769230768
1 0.8197115384615384 0.5144230769230769 0.35697115384615385 0.13581730769230768
1 0.7079326923076923 0.07692307692307693 0.5817307692307693 0.1502403846153846
1 0.7355769230769231 0.19471153846153846 0.5252403846153846 0.08052884615384616
0 0.9831730769230769 0.40625 0.016826923076923076 0.014423076923076924
0 0.9543269230769231 0.4074519230769231 0.016826923076923076 0.014423076923076924
1 0.7596153846153846 0.28125 0.4723557692307692 0.08533653846153846