0 0.31850961538461536 0.5024038461538461 0.019230769230769232 0.019230769230769232
1 0.5012019230769231 0.03485576923076923 0.9915865384615384 0.06610576923076923
1 0.5024038461538461 0.27524038461538464 0.9903846153846154 0.2283653846153846
1 0.4639423076923077 0.49759615384615385 0.9182692307692307 0.16706730769230768
1 0.40625 0.6478365384615384 0.8088942307692307 0.12860576923076922
1 0.8329326923076923 0.9399038461538461 0.3293269230769231 0.11538461538461539
1 0.9050480769230769 0.8449519230769231 0.18389423076923078 0.07091346153846154
0 0.5372596153846154 0.2848557692307692 0.021634615384615384 0.02283653846153846
0 0.34975961538461536 0.27884615384615385 0.02403846153846154 0.027644230769230768
0 0.421875 0.359375 0.026442307692307692 0.020432692307692308
0 0.19831730769230768 0.35216346153846156 0.02403846153846154 0.02403846153846154
0 0.10216346153846154 0.2692307692307692 0.025240384615384616 0.03125
0 0.16706730769230768 0.4987980769230769 0.019230769230769232 0.02403846153846154
0 0.08774038461538461 0.4987980769230769 0.025240384615384616 0.02283653846153846
0 0.609375 0.5685096153846154 0.015625 0.020432692307692308
0 0.5240384615384616 0.5673076923076923 0.021634615384615384 0.021634615384615384
0 0.46274038461538464 0.5661057692307693 0.021634615384615384 0.020432692307692308
0 0.2668269230769231 0.6514423076923077 0.021634615384615384 0.019230769230769232
0 0.16947115384615385 0.6502403846153846 0.015625 0.018028846153846152
0 0.5805288461538461 0.28725961538461536 0.02283653846153846 0.02283653846153846
1 0.9555288461538461 0.765625 0.08774038461538461 0.08653846153846154