0 0.8137019230769231 0.25961538461538464 0.015625 0.016826923076923076
0 0.7247596153846154 0.34375 0.015625 0.018028846153846152
0 0.9158653846153846 0.6334134615384616 0.019230769230769232 0.020432692307692308
1 0.11057692307692307 0.8353365384615384 0.21754807692307693 0.0673076923076923
1 0.17067307692307693 0.9350961538461539 0.33774038461538464 0.12620192307692307
1 0.6382211538461539 0.6346153846153846 0.7199519230769231 0.125
0 0.5721153846153846 0.2668269230769231 0.021634615384615384 0.021634615384615384
1 0.5096153846153846 0.25841346153846156 0.9711538461538461 0.22235576923076922
0 0.6201923076923077 0.2668269230769231 0.014423076923076924 0.016826923076923076
1 0.5841346153846154 0.4831730769230769 0.8173076923076923 0.16105769230769232
0 0.8173076923076923 0.6370192307692307 0.016826923076923076 0.018028846153846152
0 0.49759615384615385 0.5528846153846154 0.020432692307692308 0.016826923076923076
0 0.5841346153846154 0.5516826923076923 0.021634615384615384 0.016826923076923076
0 0.6454326923076923 0.5504807692307693 0.018028846153846152 0.016826923076923076
0 0.7956730769230769 0.4855769230769231 0.019230769230769232 0.019230769230769232
0 0.9507211538461539 0.48197115384615385 0.015625 0.018028846153846152
0 0.9495192307692307 0.33653846153846156 0.015625 0.015625
1 0.07932692307692307 0.7548076923076923 0.15264423076923078 0.08533653846153846