0 0.8629807692307693 0.5024038461538461 0.019230769230769232 0.019230769230769232
0 0.9411057692307693 0.4987980769230769 0.020432692307692308 0.019230769230769232
0 0.9807692307692307 0.49759615384615385 0.015625 0.018028846153846152
0 0.11899038461538461 0.3942307692307692 0.020432692307692308 0.018028846153846152
0 0.33413461538461536 0.38221153846153844 0.020432692307692308 0.018028846153846152
0 0.17307692307692307 0.3125 0.026442307692307692 0.018028846153846152
0 0.4050480769230769 0.29927884615384615 0.025240384615384616 0.026442307692307692
0 0.9807692307692307 0.2668269230769231 0.020432692307692308 0.021634615384615384
0 0.8798076923076923 0.27283653846153844 0.020432692307692308 0.019230769230769232
0 0.5348557692307693 0.051682692307692304 0.02283653846153846 0.019230769230769232
0 0.2980769230769231 0.0673076923076923 0.021634615384615384 0.019230769230769232
0 0.15144230769230768 0.07692307692307693 0.019230769230769232 0.020432692307692308
1 0.4987980769230769 0.040865384615384616 0.9963942307692307 0.078125
1 0.5 0.28365384615384615 0.9975961538461539 0.24639423076923078
1 0.5 0.65625 0.9963942307692307 0.15144230769230768
1 0.4987980769230769 0.5036057692307693 0.9975961538461539 0.15144230769230768
0 0.5036057692307693 0.6658653846153846 0.018028846153846152 0.018028846153846152
0 0.921875 0.6502403846153846 0.018028846153846152 0.019230769230769232
0 0.953125 0.6478365384615384 0.018028846153846152 0.015625
0 0.9855769230769231 0.6478365384615384 0.020432692307692308 0.020432692307692308
0 0.026442307692307692 0.5961538461538461 0.02283653846153846 0.016826923076923076
0 0.109375 0.5925480769230769 0.019230769230769232 0.018028846153846152
0 0.16826923076923078 0.5889423076923077 0.02403846153846154 0.015625
0 0.2932692307692308 0.5276442307692307 0.020432692307692308 0.020432692307692308
0 0.36778846153846156 0.5252403846153846 0.018028846153846152 0.019230769230769232
0 0.44350961538461536 0.5204326923076923 0.02283653846153846 0.019230769230769232
0 0.5192307692307693 0.5180288461538461 0.015625 0.016826923076923076
0 0.7103365384615384 0.5072115384615384 0.016826923076923076 0.019230769230769232
0 0.7463942307692307 0.5060096153846154 0.018028846153846152 0.018028846153846152
0 0.8233173076923077 0.5036057692307693 0.020432692307692308 0.021634615384615384