1 0.5721153846153846 0.5012019230769231 0.8521634615384616 0.16346153846153846
1 0.6177884615384616 0.35697115384615385 0.7584134615384616 0.12379807692307693
1 0.17067307692307693 0.06009615384615385 0.33653846153846156 0.1201923076923077
1 0.10817307692307693 0.15985576923076922 0.21033653846153846 0.0733173076923077
0 0.5036057692307693 0.7151442307692307 0.020432692307692308 0.026442307692307692
0 0.5516826923076923 0.71875 0.021634615384615384 0.019230769230769232
0 0.7451923076923077 0.7247596153846154 0.020432692307692308 0.025240384615384616
0 0.9867788461538461 0.7367788461538461 0.020432692307692308 0.025240384615384616
0 0.9831730769230769 0.5060096153846154 0.02403846153846154 0.025240384615384616
0 0.7512019230769231 0.5 0.018028846153846152 0.025240384615384616
0 0.90625 0.5024038461538461 0.02283653846153846 0.026442307692307692
0 0.45913461538461536 0.43149038461538464 0.028846153846153848 0.021634615384615384
0 0.5408653846153846 0.43509615384615385 0.016826923076923076 0.02283653846153846
0 0.6009615384615384 0.4362980769230769 0.020432692307692308 0.025240384615384616
0 0.6634615384615384 0.6418269230769231 0.021634615384615384 0.019230769230769232
1 0.4987980769230769 0.9627403846153846 0.9951923076923077 0.06971153846153846
1 0.5024038461538461 0.7295673076923077 0.9915865384615384 0.22355769230769232
1 0.06129807692307692 0.23677884615384615 0.12259615384615384 0.0889423076923077