1 0.42788461538461536 0.5012019230769231 0.8521634615384616 0.16346153846153846
1 0.38221153846153844 0.35697115384615385 0.7584134615384616 0.12379807692307693
1 0.8293269230769231 0.06009615384615385 0.33653846153846156 0.1201923076923077
1 0.8918269230769231 0.15985576923076922 0.21033653846153846 0.0733173076923077
0 0.4963942307692308 0.7151442307692307 0.020432692307692308 0.026442307692307692
0 0.4483173076923077 0.71875 0.021634615384615384 0.019230769230769232
0 0.2548076923076923 0.7247596153846154 0.020432692307692308 0.025240384615384616
0 0.013221153846153846 0.7367788461538461 0.020432692307692308 0.025240384615384616
0 0.016826923076923076 0.5060096153846154 0.02403846153846154 0.025240384615384616
0 0.24879807692307693 0.5 0.018028846153846152 0.025240384615384616
0 0.09375 0.5024038461538461 0.02283653846153846 0.026442307692307692
0 0.5408653846153846 0.43149038461538464 0.028846153846153848 0.021634615384615384
0 0.45913461538461536 0.43509615384615385 0.016826923076923076 0.02283653846153846
0 0.39903846153846156 0.4362980769230769 0.020432692307692308 0.025240384615384616
0 0.33653846153846156 0.6418269230769231 0.021634615384615384 0.019230769230769232
1 0.5012019230769231 0.9627403846153846 0.9951923076923077 0.06971153846153846
1 0.49759615384615385 0.7295673076923077 0.9915865384615384 0.22355769230769232
1 0.9375 0.23798076923076922 0.1201923076923077 0.09134615384615384