0 0.8137019230769231 0.7403846153846154 0.015625 0.016826923076923076
0 0.7247596153846154 0.65625 0.015625 0.018028846153846152
0 0.9158653846153846 0.36658653846153844 0.019230769230769232 0.020432692307692308
1 0.11057692307692307 0.16466346153846154 0.21754807692307693 0.0673076923076923
1 0.17067307692307693 0.06490384615384616 0.33774038461538464 0.12620192307692307
1 0.6382211538461539 0.36538461538461536 0.7199519230769231 0.125
0 0.5721153846153846 0.7331730769230769 0.021634615384615384 0.021634615384615384
1 0.5096153846153846 0.7415865384615384 0.9711538461538461 0.22235576923076922
0 0.6201923076923077 0.7331730769230769 0.014423076923076924 0.016826923076923076
1 0.5841346153846154 0.5168269230769231 0.8173076923076923 0.16105769230769232
0 0.8173076923076923 0.3629807692307692 0.016826923076923076 0.018028846153846152
0 0.49759615384615385 0.44711538461538464 0.020432692307692308 0.016826923076923076
0 0.5841346153846154 0.4483173076923077 0.021634615384615384 0.016826923076923076
0 0.6454326923076923 0.4495192307692308 0.018028846153846152 0.016826923076923076
0 0.7956730769230769 0.5144230769230769 0.019230769230769232 0.019230769230769232
0 0.9507211538461539 0.5180288461538461 0.015625 0.018028846153846152
0 0.9495192307692307 0.6634615384615384 0.015625 0.015625
1 0.07932692307692307 0.24519230769230768 0.15264423076923078 0.08533653846153846