0 0.13701923076923078 0.49759615384615385 0.019230769230769232 0.019230769230769232
0 0.05889423076923077 0.5012019230769231 0.020432692307692308 0.019230769230769232
0 0.019230769230769232 0.5024038461538461 0.015625 0.018028846153846152
0 0.8810096153846154 0.6057692307692307 0.020432692307692308 0.018028846153846152
0 0.6658653846153846 0.6177884615384616 0.020432692307692308 0.018028846153846152
0 0.8269230769230769 0.6875 0.026442307692307692 0.018028846153846152
0 0.5949519230769231 0.7007211538461539 0.025240384615384616 0.026442307692307692
0 0.019230769230769232 0.7331730769230769 0.020432692307692308 0.021634615384615384
0 0.1201923076923077 0.7271634615384616 0.020432692307692308 0.019230769230769232
0 0.4651442307692308 0.9483173076923077 0.02283653846153846 0.019230769230769232
0 0.7019230769230769 0.9326923076923077 0.021634615384615384 0.019230769230769232
0 0.8485576923076923 0.9230769230769231 0.019230769230769232 0.020432692307692308
1 0.5012019230769231 0.9591346153846154 0.9963942307692307 0.078125
1 0.5 0.7163461538461539 0.9975961538461539 0.24639423076923078
1 0.5 0.34375 0.9963942307692307 0.15144230769230768
1 0.5 0.49759615384615385 0.9951923076923077 0.15384615384615385
0 0.4963942307692308 0.33413461538461536 0.018028846153846152 0.018028846153846152
0 0.078125 0.34975961538461536 0.018028846153846152 0.019230769230769232
0 0.046875 0.35216346153846156 0.018028846153846152 0.015625
0 0.014423076923076924 0.35216346153846156 0.020432692307692308 0.020432692307692308
0 0.9735576923076923 0.40384615384615385 0.02283653846153846 0.016826923076923076
0 0.890625 0.4074519230769231 0.019230769230769232 0.018028846153846152
0 0.8317307692307693 0.4110576923076923 0.02403846153846154 0.015625
0 0.7067307692307693 0.4723557692307692 0.020432692307692308 0.020432692307692308
0 0.6322115384615384 0.47475961538461536 0.018028846153846152 0.019230769230769232
0 0.5564903846153846 0.4795673076923077 0.02283653846153846 0.019230769230769232
0 0.4807692307692308 0.48197115384615385 0.015625 0.016826923076923076
0 0.28966346153846156 0.49278846153846156 0.016826923076923076 0.019230769230769232
0 0.2536057692307692 0.49399038461538464 0.018028846153846152 0.018028846153846152
0 0.17668269230769232 0.4963942307692308 0.020432692307692308 0.021634615384615384