1 0.5 0.030048076923076924 0.9951923076923077 0.055288461538461536
0 0.5612980769230769 0.5 0.018028846153846152 0.019230769230769232
1 0.5 0.6394230769230769 0.9963942307692307 0.1310096153846154
0 0.021634615384615384 0.6382211538461539 0.019230769230769232 0.018028846153846152
1 0.5 0.4951923076923077 0.9951923076923077 0.15384615384615385
0 0.9591346153846154 0.28725961538461536 0.02283653846153846 0.018028846153846152
1 0.5024038461538461 0.27403846153846156 0.9939903846153846 0.203125
0 0.4423076923076923 0.6454326923076923 0.013221153846153846 0.01201923076923077
0 0.9098557692307693 0.5625 0.025240384615384616 0.015625
0 0.828125 0.5625 0.019230769230769232 0.014423076923076924
0 0.7680288461538461 0.5612980769230769 0.02403846153846154 0.015625
0 0.1778846153846154 0.49038461538461536 0.018028846153846152 0.015625
0 0.05889423076923077 0.4879807692307692 0.019230769230769232 0.019230769230769232
0 0.09975961538461539 0.4879807692307692 0.020432692307692308 0.019230769230769232
0 0.40865384615384615 0.4963942307692308 0.018028846153846152 0.018028846153846152
0 0.4855769230769231 0.4987980769230769 0.016826923076923076 0.018028846153846152
0 0.6334134615384616 0.5012019230769231 0.020432692307692308 0.018028846153846152
0 0.5745192307692307 0.3557692307692308 0.021634615384615384 0.015625
0 0.7896634615384616 0.3629807692307692 0.025240384615384616 0.018028846153846152
0 0.014423076923076924 0.25721153846153844 0.021634615384615384 0.02283653846153846
0 0.49759615384615385 0.2764423076923077 0.021634615384615384 0.018028846153846152
0 0.7283653846153846 0.2800480769230769 0.027644230769230768 0.021634615384615384
0 0.9122596153846154 0.28725961538461536 0.021634615384615384 0.021634615384615384
0 0.7163461538461539 0.040865384615384616 0.019230769230769232 0.015625
0 0.328125 0.025240384615384616 0.018028846153846152 0.018028846153846152
0 0.5673076923076923 0.036057692307692304 0.018028846153846152 0.018028846153846152