0 0.7644230769230769 0.5144230769230769 0.02283653846153846 0.016826923076923076
1 0.5 0.49278846153846156 0.9963942307692307 0.171875
1 0.5 0.2776442307692308 0.9951923076923077 0.23317307692307693
1 0.5 0.046875 0.9939903846153846 0.08052884615384616
1 0.5012019230769231 0.6466346153846154 0.9939903846153846 0.13341346153846154
0 0.23557692307692307 0.18990384615384615 0.018028846153846152 0.018028846153846152
0 0.4098557692307692 0.27524038461538464 0.019230769230769232 0.019230769230769232
0 0.3161057692307692 0.27163461538461536 0.021634615384615384 0.018028846153846152
0 0.8641826923076923 0.30288461538461536 0.02403846153846154 0.021634615384615384
0 0.8317307692307693 0.06850961538461539 0.019230769230769232 0.019230769230769232
0 0.9206730769230769 0.38461538461538464 0.018028846153846152 0.014423076923076924
0 0.24519230769230768 0.49158653846153844 0.018028846153846152 0.016826923076923076
0 0.28365384615384615 0.49278846153846156 0.018028846153846152 0.018028846153846152
0 0.359375 0.4963942307692308 0.019230769230769232 0.018028846153846152
0 0.39783653846153844 0.4987980769230769 0.016826923076923076 0.018028846153846152
0 0.4723557692307692 0.5036057692307693 0.016826923076923076 0.015625
0 0.6947115384615384 0.5108173076923077 0.018028846153846152 0.018028846153846152
0 0.5096153846153846 0.5048076923076923 0.020432692307692308 0.020432692307692308
0 0.8341346153846154 0.5180288461538461 0.019230769230769232 0.019230769230769232
0 0.9038461538461539 0.5192307692307693 0.018028846153846152 0.018028846153846152
0 0.19591346153846154 0.6430288461538461 0.014423076923076924 0.019230769230769232
0 0.22716346153846154 0.6430288461538461 0.013221153846153846 0.015625
0 0.25961538461538464 0.6466346153846154 0.014423076923076924 0.016826923076923076
0 0.6622596153846154 0.6538461538461539 0.018028846153846152 0.018028846153846152