0 0.625 0.35216346153846156 0.020432692307692308 0.018028846153846152
0 0.9194711538461539 0.4951923076923077 0.016826923076923076 0.016826923076923076
0 0.59375 0.35216346153846156 0.018028846153846152 0.020432692307692308
0 0.5625 0.35216346153846156 0.020432692307692308 0.016826923076923076
0 0.8052884615384616 0.4987980769230769 0.02403846153846154 0.021634615384615384
0 0.7668269230769231 0.4987980769230769 0.019230769230769232 0.018028846153846152
0 0.7295673076923077 0.5 0.020432692307692308 0.016826923076923076
0 0.6935096153846154 0.5 0.019230769230769232 0.018028846153846152
0 0.6526442307692307 0.5 0.019230769230769232 0.020432692307692308
0 0.8810096153846154 0.7199519230769231 0.016826923076923076 0.018028846153846152
0 0.7860576923076923 0.7211538461538461 0.020432692307692308 0.020432692307692308
0 0.7151442307692307 0.7992788461538461 0.019230769230769232 0.019230769230769232
1 0.5973557692307693 0.9723557692307693 0.8028846153846154 0.046875
1 0.6057692307692307 0.7295673076923077 0.7860576923076923 0.18629807692307693
1 0.6274038461538461 0.5024038461538461 0.7403846153846154 0.14903846153846154
1 0.6189903846153846 0.359375 0.7572115384615384 0.12259615384615384