1 0.5 0.28725961538461536 0.9975961538461539 0.2283653846153846
1 0.5661057692307693 0.6634615384615384 0.8641826923076923 0.11778846153846154
1 0.15144230769230768 0.9435096153846154 0.296875 0.11057692307692307
1 0.0733173076923077 0.8473557692307693 0.140625 0.07692307692307693
0 0.3629807692307692 0.30528846153846156 0.027644230769230768 0.027644230769230768
0 0.5492788461538461 0.2956730769230769 0.028846153846153848 0.03365384615384615
0 0.6189903846153846 0.052884615384615384 0.02283653846153846 0.026442307692307692
0 0.7752403846153846 0.04326923076923077 0.027644230769230768 0.027644230769230768
0 0.3173076923076923 0.31009615384615385 0.021634615384615384 0.025240384615384616
0 0.7872596153846154 0.2860576923076923 0.028846153846153848 0.030048076923076924
0 0.47716346153846156 0.38100961538461536 0.027644230769230768 0.026442307692307692
0 0.6790865384615384 0.5168269230769231 0.019230769230769232 0.02283653846153846
0 0.6983173076923077 0.3713942307692308 0.020432692307692308 0.016826923076923076
0 0.40625 0.5805288461538461 0.021634615384615384 0.019230769230769232
0 0.6033653846153846 0.5180288461538461 0.020432692307692308 0.020432692307692308
0 0.32091346153846156 0.5841346153846154 0.026442307692307692 0.02283653846153846
0 0.8317307692307693 0.5120192307692307 0.025240384615384616 0.027644230769230768
0 0.7548076923076923 0.5120192307692307 0.025240384615384616 0.020432692307692308
1 0.5024038461538461 0.5144230769230769 0.9915865384615384 0.16947115384615385
0 0.46274038461538464 0.5805288461538461 0.016826923076923076 0.014423076923076924
0 0.7692307692307693 0.6610576923076923 0.016826923076923076 0.015625
1 0.5 0.04927884615384615 0.9927884615384616 0.09134615384615384
1 0.027644230769230768 0.765625 0.055288461538461536 0.08413461538461539