0 0.45072115384615385 0.5180288461538461 0.016826923076923076 0.018028846153846152
0 0.5252403846153846 0.5180288461538461 0.013221153846153846 0.016826923076923076
0 0.6009615384615384 0.5204326923076923 0.018028846153846152 0.016826923076923076
0 0.6790865384615384 0.5216346153846154 0.018028846153846152 0.014423076923076924
0 0.8713942307692307 0.5240384615384616 0.016826923076923076 0.018028846153846152
1 0.4987980769230769 0.5216346153846154 0.9975961538461539 0.1502403846153846
1 0.4987980769230769 0.7427884615384616 0.9951923076923077 0.18990384615384615
1 0.5 0.9819711538461539 0.9951923076923077 0.027644230769230768
1 0.4987980769230769 0.38100961538461536 0.9975961538461539 0.12740384615384615
0 0.6274038461538461 0.3713942307692308 0.015625 0.016826923076923076
0 0.9122596153846154 0.5240384615384616 0.018028846153846152 0.019230769230769232
0 0.9879807692307693 0.5252403846153846 0.020432692307692308 0.02283653846153846
0 0.1466346153846154 0.7367788461538461 0.019230769230769232 0.020432692307692308
0 0.19471153846153846 0.7367788461538461 0.018028846153846152 0.021634615384615384
0 0.37740384615384615 0.7403846153846154 0.019230769230769232 0.019230769230769232
0 0.4266826923076923 0.7427884615384616 0.015625 0.015625
0 0.6177884615384616 0.7451923076923077 0.014423076923076924 0.018028846153846152
0 0.28725961538461536 0.7379807692307693 0.019230769230769232 0.018028846153846152
0 0.3112980769230769 0.6586538461538461 0.019230769230769232 0.015625
0 0.5336538461538461 0.6646634615384616 0.02403846153846154 0.018028846153846152
0 0.2536057692307692 0.4579326923076923 0.018028846153846152 0.014423076923076924
0 0.3137019230769231 0.4579326923076923 0.015625 0.014423076923076924