1 0.34375 0.7548076923076923 0.6826923076923077 0.21033653846153846
1 0.25961538461538464 0.38341346153846156 0.515625 0.12379807692307693
1 0.9170673076923077 0.5072115384615384 0.16346153846153846 0.125
0 0.13822115384615385 0.7584134615384616 0.02403846153846154 0.021634615384615384
0 0.0889423076923077 0.7608173076923077 0.020432692307692308 0.019230769230769232
0 0.11538461538461539 0.4723557692307692 0.016826923076923076 0.016826923076923076
0 0.18028846153846154 0.4699519230769231 0.021634615384615384 0.019230769230769232
0 0.26802884615384615 0.4675480769230769 0.016826923076923076 0.016826923076923076
1 0.8653846153846154 0.38100961538461536 0.2644230769230769 0.11778846153846154
1 0.7536057692307693 0.07572115384615384 0.49038461538461536 0.1502403846153846
1 0.8052884615384616 0.18870192307692307 0.38822115384615385 0.06850961538461539
1 0.2932692307692308 0.5348557692307693 0.5817307692307693 0.1658653846153846
1 0.8365384615384616 0.2800480769230769 0.32572115384615385 0.08173076923076923