0 0.375 0.35216346153846156 0.020432692307692308 0.018028846153846152
0 0.08052884615384616 0.4951923076923077 0.016826923076923076 0.016826923076923076
0 0.40625 0.35216346153846156 0.018028846153846152 0.020432692307692308
0 0.4375 0.35216346153846156 0.020432692307692308 0.016826923076923076
0 0.19471153846153846 0.4987980769230769 0.02403846153846154 0.021634615384615384
0 0.23317307692307693 0.4987980769230769 0.019230769230769232 0.018028846153846152
0 0.2704326923076923 0.5 0.020432692307692308 0.016826923076923076
0 0.30649038461538464 0.5 0.019230769230769232 0.018028846153846152
0 0.3473557692307692 0.5 0.019230769230769232 0.020432692307692308
0 0.11899038461538461 0.7199519230769231 0.016826923076923076 0.018028846153846152
0 0.21394230769230768 0.7211538461538461 0.020432692307692308 0.020432692307692308
0 0.2848557692307692 0.7992788461538461 0.019230769230769232 0.019230769230769232
1 0.4026442307692308 0.9723557692307693 0.8028846153846154 0.046875
1 0.3942307692307692 0.7295673076923077 0.7860576923076923 0.18629807692307693
1 0.3713942307692308 0.5024038461538461 0.7427884615384616 0.1466346153846154
1 0.3798076923076923 0.359375 0.7596153846153846 0.12139423076923077