0 0.7475961538461539 0.078125 0.021634615384615384 0.020432692307692308
0 0.16947115384615385 0.203125 0.016826923076923076 0.020432692307692308
0 0.34975961538461536 0.29086538461538464 0.020432692307692308 0.021634615384615384
0 0.2548076923076923 0.2848557692307692 0.019230769230769232 0.019230769230769232
0 0.8125 0.31850961538461536 0.02403846153846154 0.021634615384615384
0 0.875 0.39903846153846156 0.026442307692307692 0.021634615384615384
0 0.32211538461538464 0.5144230769230769 0.021634615384615384 0.02283653846153846
1 0.5 0.05048076923076923 0.9951923076923077 0.09134615384615384
1 0.5 0.2932692307692308 0.9951923076923077 0.23557692307692307
0 0.2439903846153846 0.5108173076923077 0.019230769230769232 0.021634615384615384
0 0.20432692307692307 0.5084134615384616 0.018028846153846152 0.02283653846153846
1 0.5 0.5036057692307693 0.9927884615384616 0.15264423076923078
0 0.234375 0.6610576923076923 0.015625 0.015625
0 0.6466346153846154 0.6766826923076923 0.013221153846153846 0.015625
0 0.20192307692307693 0.6574519230769231 0.013221153846153846 0.015625
0 0.4362980769230769 0.5192307692307693 0.015625 0.020432692307692308
0 0.17067307692307693 0.6574519230769231 0.015625 0.018028846153846152
0 0.6598557692307693 0.5288461538461539 0.019230769230769232 0.019230769230769232
0 0.7355769230769231 0.5348557692307693 0.02403846153846154 0.02283653846153846
0 0.8076923076923077 0.5360576923076923 0.021634615384615384 0.021634615384615384
0 0.8810096153846154 0.5396634615384616 0.020432692307692308 0.021634615384615384
0 0.36177884615384615 0.5168269230769231 0.019230769230769232 0.02403846153846154
1 0.5012019230769231 0.6646634615384616 0.9963942307692307 0.15144230769230768