0 0.6694711538461539 0.34375 0.015625 0.019230769230769232
0 0.6394230769230769 0.3425480769230769 0.016826923076923076 0.019230769230769232
1 0.5 0.3389423076923077 0.9951923076923077 0.15384615384615385
0 0.48197115384615385 0.48197115384615385 0.020432692307692308 0.021634615384615384
0 0.4110576923076923 0.47596153846153844 0.02403846153846154 0.020432692307692308
0 0.18990384615384615 0.4639423076923077 0.02403846153846154 0.025240384615384616
0 0.11899038461538461 0.45913461538461536 0.026442307692307692 0.02283653846153846
0 0.703125 0.3449519230769231 0.020432692307692308 0.019230769230769232
0 0.5360576923076923 0.7079326923076923 0.021634615384615384 0.020432692307692308
0 0.6105769230769231 0.7908653846153846 0.020432692307692308 0.02403846153846154
0 0.4423076923076923 0.7019230769230769 0.020432692307692308 0.02283653846153846
1 0.5 0.5036057692307693 0.9927884615384616 0.16105769230769232
1 0.49759615384615385 0.7211538461538461 0.9939903846153846 0.25721153846153844
1 0.5 0.9483173076923077 0.9951923076923077 0.10096153846153846
0 0.6346153846153846 0.49038461538461536 0.021634615384615384 0.021634615384615384
0 0.5961538461538461 0.48677884615384615 0.020432692307692308 0.018028846153846152
0 0.5216346153846154 0.484375 0.021634615384615384 0.02403846153846154