0 0.45072115384615385 0.48197115384615385 0.016826923076923076 0.018028846153846152
0 0.5252403846153846 0.48197115384615385 0.013221153846153846 0.016826923076923076
0 0.6009615384615384 0.4795673076923077 0.018028846153846152 0.016826923076923076
0 0.6790865384615384 0.47836538461538464 0.018028846153846152 0.014423076923076924
0 0.8713942307692307 0.47596153846153844 0.016826923076923076 0.018028846153846152
1 0.4987980769230769 0.47836538461538464 0.9975961538461539 0.1502403846153846
1 0.4987980769230769 0.25721153846153844 0.9951923076923077 0.18990384615384615
1 0.5 0.018028846153846152 0.9951923076923077 0.027644230769230768
1 0.4987980769230769 0.6189903846153846 0.9975961538461539 0.12740384615384615
0 0.6274038461538461 0.6286057692307693 0.015625 0.016826923076923076
0 0.9122596153846154 0.47596153846153844 0.018028846153846152 0.019230769230769232
0 0.9879807692307693 0.47475961538461536 0.020432692307692308 0.02283653846153846
0 0.1466346153846154 0.26322115384615385 0.019230769230769232 0.020432692307692308
0 0.19471153846153846 0.26322115384615385 0.018028846153846152 0.021634615384615384
0 0.37740384615384615 0.25961538461538464 0.019230769230769232 0.019230769230769232
0 0.4266826923076923 0.25721153846153844 0.015625 0.015625
0 0.6177884615384616 0.2548076923076923 0.014423076923076924 0.018028846153846152
0 0.28725961538461536 0.2620192307692308 0.019230769230769232 0.018028846153846152
0 0.3112980769230769 0.34134615384615385 0.019230769230769232 0.015625
0 0.5336538461538461 0.33533653846153844 0.02403846153846154 0.018028846153846152
0 0.2536057692307692 0.5420673076923077 0.018028846153846152 0.014423076923076924
0 0.3137019230769231 0.5420673076923077 0.015625 0.014423076923076924