1 0.4963942307692308 0.6935096153846154 0.9915865384615384 0.22956730769230768
0 0.4951923076923077 0.7632211538461539 0.018028846153846152 0.02283653846153846
0 0.33413461538461536 0.6766826923076923 0.021634615384615384 0.025240384615384616
0 0.4254807692307692 0.6814903846153846 0.019230769230769232 0.018028846153846152
0 0.5432692307692307 0.4675480769230769 0.015625 0.020432692307692308
0 0.5024038461538461 0.4651442307692308 0.016826923076923076 0.020432692307692308
0 0.3894230769230769 0.45913461538461536 0.019230769230769232 0.020432692307692308
0 0.42908653846153844 0.46274038461538464 0.018028846153846152 0.019230769230769232
1 0.5 0.9399038461538461 0.9963942307692307 0.11298076923076923
1 0.47475961538461536 0.3173076923076923 0.9471153846153846 0.14182692307692307
0 0.10336538461538461 0.44591346153846156 0.02283653846153846 0.019230769230769232
0 0.5865384615384616 0.31971153846153844 0.014423076923076924 0.016826923076923076
0 0.31850961538461536 0.4543269230769231 0.016826923076923076 0.018028846153846152
0 0.6177884615384616 0.31850961538461536 0.016826923076923076 0.015625
0 0.03125 0.4423076923076923 0.02283653846153846 0.018028846153846152
1 0.47475961538461536 0.47716346153846156 0.9471153846153846 0.15985576923076922