1 0.25841346153846156 0.0829326923076923 0.5120192307692307 0.1622596153846154
1 0.05889423076923077 0.7415865384615384 0.11778846153846154 0.16826923076923078
1 0.78125 0.39663461538461536 0.4338942307692308 0.12259615384615384
1 0.7584134615384616 0.5420673076923077 0.47836538461538464 0.1466346153846154
1 0.12980769230769232 0.5276442307692307 0.2536057692307692 0.1346153846153846
0 0.9867788461538461 0.7776442307692307 0.019230769230769232 0.021634615384615384
0 0.9795673076923077 0.4831730769230769 0.018028846153846152 0.016826923076923076
1 0.71875 0.7692307692307693 0.5600961538461539 0.19471153846153846
1 0.16947115384615385 0.390625 0.3389423076923077 0.11658653846153846
1 0.21875 0.20072115384615385 0.4375 0.06971153846153846
0 0.9146634615384616 0.48197115384615385 0.020432692307692308 0.019230769230769232
0 0.8257211538461539 0.4807692307692308 0.021634615384615384 0.016826923076923076
1 0.20192307692307693 0.28365384615384615 0.38100961538461536 0.0889423076923077