1 0.21875 0.3858173076923077 0.4362980769230769 0.11298076923076923
0 0.9387019230769231 0.47836538461538464 0.014423076923076924 0.015625
1 0.8100961538461539 0.5396634615384616 0.375 0.15865384615384615
1 0.828125 0.38822115384615385 0.3389423076923077 0.12379807692307693
1 0.7788461538461539 0.7776442307692307 0.4375 0.22115384615384615
1 0.12740384615384615 0.7295673076923077 0.2548076923076923 0.18028846153846154
1 0.18028846153846154 0.5144230769230769 0.35697115384615385 0.13581730769230768
1 0.2920673076923077 0.07692307692307693 0.5817307692307693 0.1502403846153846
1 0.2644230769230769 0.19471153846153846 0.5252403846153846 0.08052884615384616
0 0.016826923076923076 0.40625 0.016826923076923076 0.014423076923076924
0 0.04567307692307692 0.4074519230769231 0.016826923076923076 0.014423076923076924
1 0.2403846153846154 0.28125 0.4723557692307692 0.08533653846153846