1 0.23317307692307693 0.7536057692307693 0.4651442307692308 0.08533653846153846
1 0.2091346153846154 0.6454326923076923 0.4182692307692308 0.11778846153846154
1 0.8269230769230769 0.640625 0.34134615384615385 0.11778846153846154
0 0.028846153846153848 0.6141826923076923 0.02403846153846154 0.014423076923076924
0 0.9519230769230769 0.5540865384615384 0.015625 0.015625
1 0.1778846153846154 0.5072115384615384 0.35336538461538464 0.13221153846153846
1 0.8209134615384616 0.4963942307692308 0.3545673076923077 0.140625
1 0.28125 0.9338942307692307 0.5588942307692307 0.12620192307692307
1 0.140625 0.28846153846153844 0.28125 0.1814903846153846
1 0.8125 0.2692307692307692 0.3713942307692308 0.18269230769230768
1 0.24639423076923078 0.8317307692307693 0.49278846153846156 0.06850961538461539