1 0.7668269230769231 0.24639423076923078 0.4651442307692308 0.08533653846153846
1 0.7896634615384616 0.3557692307692308 0.41586538461538464 0.1201923076923077
1 0.17307692307692307 0.359375 0.34134615384615385 0.11778846153846154
0 0.9711538461538461 0.3858173076923077 0.02403846153846154 0.014423076923076924
0 0.04807692307692308 0.44591346153846156 0.015625 0.015625
1 0.8221153846153846 0.49278846153846156 0.35336538461538464 0.13221153846153846
1 0.17908653846153846 0.5036057692307693 0.3545673076923077 0.140625
1 0.71875 0.06610576923076923 0.5588942307692307 0.12620192307692307
1 0.8581730769230769 0.7115384615384616 0.27884615384615385 0.18269230769230768
1 0.1875 0.7307692307692307 0.3713942307692308 0.18269230769230768
1 0.7524038461538461 0.16826923076923078 0.49038461538461536 0.07211538461538461