1 0.5036057692307693 0.30649038461538464 0.9915865384615384 0.22956730769230768
0 0.5048076923076923 0.23677884615384615 0.018028846153846152 0.02283653846153846
0 0.6658653846153846 0.3233173076923077 0.021634615384615384 0.025240384615384616
0 0.5745192307692307 0.31850961538461536 0.019230769230769232 0.018028846153846152
0 0.4567307692307692 0.5324519230769231 0.015625 0.020432692307692308
0 0.49759615384615385 0.5348557692307693 0.016826923076923076 0.020432692307692308
0 0.6105769230769231 0.5408653846153846 0.019230769230769232 0.020432692307692308
0 0.5709134615384616 0.5372596153846154 0.018028846153846152 0.019230769230769232
1 0.5 0.06009615384615385 0.9963942307692307 0.11298076923076923
1 0.5252403846153846 0.6826923076923077 0.9471153846153846 0.14182692307692307
0 0.8966346153846154 0.5540865384615384 0.02283653846153846 0.019230769230769232
0 0.41346153846153844 0.6802884615384616 0.014423076923076924 0.016826923076923076
0 0.6814903846153846 0.5456730769230769 0.016826923076923076 0.018028846153846152
0 0.38221153846153844 0.6814903846153846 0.016826923076923076 0.015625
0 0.96875 0.5576923076923077 0.02283653846153846 0.018028846153846152
1 0.5252403846153846 0.5228365384615384 0.9471153846153846 0.15985576923076922