0 0.33052884615384615 0.34375 0.015625 0.019230769230769232
0 0.3605769230769231 0.3425480769230769 0.016826923076923076 0.019230769230769232
1 0.5 0.3389423076923077 0.9951923076923077 0.15384615384615385
0 0.5180288461538461 0.48197115384615385 0.020432692307692308 0.021634615384615384
0 0.5889423076923077 0.47596153846153844 0.02403846153846154 0.020432692307692308
0 0.8100961538461539 0.4639423076923077 0.02403846153846154 0.025240384615384616
0 0.8810096153846154 0.45913461538461536 0.026442307692307692 0.02283653846153846
0 0.296875 0.3449519230769231 0.020432692307692308 0.019230769230769232
0 0.4639423076923077 0.7079326923076923 0.021634615384615384 0.020432692307692308
0 0.3894230769230769 0.7908653846153846 0.020432692307692308 0.02403846153846154
0 0.5576923076923077 0.7019230769230769 0.020432692307692308 0.02283653846153846
1 0.5 0.5036057692307693 0.9927884615384616 0.16105769230769232
1 0.5024038461538461 0.7211538461538461 0.9939903846153846 0.25721153846153844
1 0.5 0.9483173076923077 0.9951923076923077 0.10096153846153846
0 0.36538461538461536 0.49038461538461536 0.021634615384615384 0.021634615384615384
0 0.40384615384615385 0.48677884615384615 0.020432692307692308 0.018028846153846152
0 0.47836538461538464 0.484375 0.021634615384615384 0.02403846153846154