1 0.5 0.4963942307692308 0.9939903846153846 0.15504807692307693
0 0.3786057692307692 0.4855769230769231 0.018028846153846152 0.020432692307692308
1 0.5012019230769231 0.3425480769230769 0.9951923076923077 0.14182692307692307
1 0.5 0.9543269230769231 0.9951923076923077 0.08653846153846154
0 0.33774038461538464 0.48677884615384615 0.015625 0.018028846153846152
0 0.5673076923076923 0.3317307692307692 0.016826923076923076 0.019230769230769232
0 0.1201923076923077 0.34375 0.014423076923076924 0.015625
0 0.14543269230769232 0.49399038461538464 0.015625 0.015625
0 0.9098557692307693 0.41225961538461536 0.019230769230769232 0.015625
0 0.9699519230769231 0.4110576923076923 0.028846153846153848 0.018028846153846152
0 0.7860576923076923 0.4735576923076923 0.020432692307692308 0.016826923076923076
0 0.6418269230769231 0.47836538461538464 0.018028846153846152 0.016826923076923076
0 0.5673076923076923 0.47836538461538464 0.019230769230769232 0.019230769230769232
0 0.22355769230769232 0.49158653846153844 0.018028846153846152 0.015625
0 0.2620192307692308 0.4891826923076923 0.019230769230769232 0.015625
0 0.0889423076923077 0.34375 0.015625 0.018028846153846152
0 0.10697115384615384 0.4951923076923077 0.020432692307692308 0.019230769230769232
0 0.765625 0.6153846153846154 0.026442307692307692 0.019230769230769232
0 0.9783653846153846 0.6057692307692307 0.021634615384615384 0.018028846153846152
0 0.9254807692307693 0.6875 0.02283653846153846 0.020432692307692308
0 0.13221153846153846 0.7223557692307693 0.020432692307692308 0.018028846153846152
0 0.038461538461538464 0.8028846153846154 0.020432692307692308 0.020432692307692308
0 0.22956730769230768 0.7175480769230769 0.019230769230769232 0.018028846153846152
0 0.7019230769230769 0.6947115384615384 0.016826923076923076 0.021634615384615384
0 0.6586538461538461 0.9362980769230769 0.02283653846153846 0.019230769230769232
0 0.8305288461538461 0.9266826923076923 0.025240384615384616 0.020432692307692308
0 0.5997596153846154 0.9387019230769231 0.02403846153846154 0.02283653846153846
1 0.5024038461538461 0.7055288461538461 0.9927884615384616 0.22235576923076922