0 0.6694711538461539 0.65625 0.015625 0.019230769230769232
0 0.6394230769230769 0.6574519230769231 0.016826923076923076 0.019230769230769232
1 0.5 0.6610576923076923 0.9951923076923077 0.15384615384615385
0 0.48197115384615385 0.5180288461538461 0.020432692307692308 0.021634615384615384
0 0.4110576923076923 0.5240384615384616 0.02403846153846154 0.020432692307692308
0 0.18990384615384615 0.5360576923076923 0.02403846153846154 0.025240384615384616
0 0.11899038461538461 0.5408653846153846 0.026442307692307692 0.02283653846153846
0 0.703125 0.6550480769230769 0.020432692307692308 0.019230769230769232
0 0.5360576923076923 0.2920673076923077 0.021634615384615384 0.020432692307692308
0 0.6105769230769231 0.2091346153846154 0.020432692307692308 0.02403846153846154
0 0.4423076923076923 0.2980769230769231 0.020432692307692308 0.02283653846153846
1 0.5 0.4963942307692308 0.9927884615384616 0.16105769230769232
1 0.49759615384615385 0.27884615384615385 0.9939903846153846 0.25721153846153844
1 0.5 0.051682692307692304 0.9951923076923077 0.10096153846153846
0 0.6346153846153846 0.5096153846153846 0.021634615384615384 0.021634615384615384
0 0.5961538461538461 0.5132211538461539 0.020432692307692308 0.018028846153846152
0 0.5216346153846154 0.515625 0.021634615384615384 0.02403846153846154