1 0.34375 0.24519230769230768 0.6826923076923077 0.21033653846153846
1 0.25961538461538464 0.6165865384615384 0.515625 0.12379807692307693
1 0.9170673076923077 0.49278846153846156 0.16346153846153846 0.125
0 0.13822115384615385 0.24158653846153846 0.02403846153846154 0.021634615384615384
0 0.0889423076923077 0.23918269230769232 0.020432692307692308 0.019230769230769232
0 0.11538461538461539 0.5276442307692307 0.016826923076923076 0.016826923076923076
0 0.18028846153846154 0.5300480769230769 0.021634615384615384 0.019230769230769232
0 0.26802884615384615 0.5324519230769231 0.016826923076923076 0.016826923076923076
1 0.8653846153846154 0.6189903846153846 0.2644230769230769 0.11778846153846154
1 0.7536057692307693 0.9242788461538461 0.49038461538461536 0.1502403846153846
1 0.8052884615384616 0.8112980769230769 0.38822115384615385 0.06850961538461539
1 0.2932692307692308 0.4651442307692308 0.5817307692307693 0.1658653846153846
1 0.8365384615384616 0.7199519230769231 0.32572115384615385 0.08173076923076923