0 0.5396634615384616 0.7608173076923077 0.018028846153846152 0.021634615384615384
1 0.4987980769230769 0.41346153846153844 0.9975961538461539 0.3269230769230769
1 0.3449519230769231 0.039663461538461536 0.6850961538461539 0.07211538461538461
1 0.4987980769230769 0.9471153846153846 0.9927884615384616 0.10336538461538461
0 0.5588942307692307 0.31490384615384615 0.025240384615384616 0.021634615384615384
0 0.7271634615384616 0.296875 0.027644230769230768 0.02283653846153846
0 0.3942307692307692 0.42908653846153844 0.021634615384615384 0.02403846153846154
0 0.13341346153846154 0.5612980769230769 0.021634615384615384 0.02403846153846154
0 0.7139423076923077 0.671875 0.019230769230769232 0.019230769230769232
0 0.6358173076923077 0.7548076923076923 0.025240384615384616 0.02403846153846154
0 0.7163461538461539 0.9855769230769231 0.020432692307692308 0.021634615384615384
0 0.5961538461538461 0.9903846153846154 0.02403846153846154 0.014423076923076924
0 0.07091346153846154 0.7956730769230769 0.025240384615384616 0.02403846153846154
1 0.4987980769230769 0.7668269230769231 0.9975961538461539 0.2439903846153846