0 0.28125 0.025240384615384616 0.015625 0.018028846153846152
0 0.2403846153846154 0.02403846153846154 0.015625 0.018028846153846152
0 0.3581730769230769 0.027644230769230768 0.016826923076923076 0.018028846153846152
0 0.2920673076923077 0.6971153846153846 0.02283653846153846 0.021634615384615384
1 0.4230769230769231 0.06850961538461539 0.84375 0.13701923076923078
0 0.12860576923076922 0.6887019230769231 0.020432692307692308 0.020432692307692308
0 0.35216346153846156 0.33774038461538464 0.021634615384615384 0.018028846153846152
1 0.42427884615384615 0.6045673076923077 0.8461538461538461 0.25961538461538464
0 0.1814903846153846 0.2548076923076923 0.021634615384615384 0.016826923076923076
0 0.2764423076923077 0.25841346153846156 0.019230769230769232 0.021634615384615384
0 0.39903846153846156 0.027644230769230768 0.016826923076923076 0.020432692307692308
1 0.4254807692307692 0.27403846153846156 0.8509615384615384 0.19230769230769232