0 0.71875 0.025240384615384616 0.015625 0.018028846153846152
0 0.7596153846153846 0.02403846153846154 0.015625 0.018028846153846152
0 0.6418269230769231 0.027644230769230768 0.016826923076923076 0.018028846153846152
0 0.7079326923076923 0.6971153846153846 0.02283653846153846 0.021634615384615384
1 0.5769230769230769 0.06850961538461539 0.84375 0.13701923076923078
0 0.8713942307692307 0.6887019230769231 0.020432692307692308 0.020432692307692308
0 0.6478365384615384 0.33774038461538464 0.021634615384615384 0.018028846153846152
1 0.5757211538461539 0.6045673076923077 0.8461538461538461 0.25961538461538464
0 0.8185096153846154 0.2548076923076923 0.021634615384615384 0.016826923076923076
0 0.7235576923076923 0.25841346153846156 0.019230769230769232 0.021634615384615384
0 0.6009615384615384 0.027644230769230768 0.016826923076923076 0.020432692307692308
1 0.5733173076923077 0.27524038461538464 0.8485576923076923 0.19471153846153846