0 0.47836538461538464 0.9639423076923077 0.02283653846153846 0.020432692307692308
1 0.44591346153846156 0.9278846153846154 0.890625 0.14302884615384615
1 0.4987980769230769 0.3894230769230769 0.9927884615384616 0.2548076923076923
0 0.4326923076923077 0.28966346153846156 0.020432692307692308 0.020432692307692308
0 0.265625 0.29447115384615385 0.019230769230769232 0.02283653846153846
0 0.10576923076923077 0.4014423076923077 0.019230769230769232 0.020432692307692308
0 0.27884615384615385 0.3954326923076923 0.02283653846153846 0.021634615384615384
0 0.45552884615384615 0.6550480769230769 0.018028846153846152 0.020432692307692308
0 0.28365384615384615 0.7319711538461539 0.021634615384615384 0.020432692307692308
0 0.3762019230769231 0.7331730769230769 0.015625 0.019230769230769232
0 0.4387019230769231 0.9639423076923077 0.02403846153846154 0.018028846153846152
0 0.35697115384615385 0.9639423076923077 0.02403846153846154 0.021634615384615384
0 0.32091346153846156 0.9663461538461539 0.025240384615384616 0.025240384615384616
1 0.5 0.7043269230769231 0.9963942307692307 0.19230769230769232