0 0.2127403846153846 0.018028846153846152 0.015625 0.018028846153846152
0 0.2932692307692308 0.02403846153846154 0.018028846153846152 0.020432692307692308
0 0.17668269230769232 0.018028846153846152 0.020432692307692308 0.020432692307692308
1 0.38221153846153844 0.0733173076923077 0.7632211538461539 0.14302884615384615
1 0.36177884615384615 0.6057692307692307 0.7211538461538461 0.29927884615384615
0 0.16346153846153846 0.6838942307692307 0.019230769230769232 0.020432692307692308
0 0.02403846153846154 0.5733173076923077 0.02403846153846154 0.02283653846153846
0 0.09254807692307693 0.6790865384615384 0.020432692307692308 0.02283653846153846
0 0.25600961538461536 0.3293269230769231 0.020432692307692308 0.02283653846153846
0 0.18870192307692307 0.24879807692307693 0.020432692307692308 0.020432692307692308
0 0.09615384615384616 0.2439903846153846 0.019230769230769232 0.020432692307692308
0 0.3329326923076923 0.025240384615384616 0.020432692307692308 0.018028846153846152
1 0.3762019230769231 0.27524038461538464 0.7524038461538461 0.1935096153846154