0 0.7872596153846154 0.9819711538461539 0.015625 0.018028846153846152
0 0.7067307692307693 0.9759615384615384 0.018028846153846152 0.020432692307692308
0 0.8233173076923077 0.9819711538461539 0.020432692307692308 0.020432692307692308
1 0.6177884615384616 0.9266826923076923 0.7632211538461539 0.14302884615384615
1 0.6382211538461539 0.3942307692307692 0.7211538461538461 0.29927884615384615
0 0.8365384615384616 0.3161057692307692 0.019230769230769232 0.020432692307692308
0 0.9759615384615384 0.4266826923076923 0.02403846153846154 0.02283653846153846
0 0.9074519230769231 0.32091346153846156 0.020432692307692308 0.02283653846153846
0 0.7439903846153846 0.6706730769230769 0.020432692307692308 0.02283653846153846
0 0.8112980769230769 0.7512019230769231 0.020432692307692308 0.020432692307692308
0 0.9038461538461539 0.7560096153846154 0.019230769230769232 0.020432692307692308
0 0.6670673076923077 0.9747596153846154 0.020432692307692308 0.018028846153846152
1 0.6225961538461539 0.7247596153846154 0.75 0.19471153846153846