0 0.46033653846153844 0.7608173076923077 0.018028846153846152 0.021634615384615384
1 0.5 0.41466346153846156 0.9951923076923077 0.3293269230769231
1 0.6550480769230769 0.039663461538461536 0.6850961538461539 0.07211538461538461
1 0.5012019230769231 0.9471153846153846 0.9927884615384616 0.10336538461538461
0 0.4411057692307692 0.31490384615384615 0.025240384615384616 0.021634615384615384
0 0.27283653846153844 0.296875 0.027644230769230768 0.02283653846153846
0 0.6057692307692307 0.42908653846153844 0.021634615384615384 0.02403846153846154
0 0.8665865384615384 0.5612980769230769 0.021634615384615384 0.02403846153846154
0 0.2860576923076923 0.671875 0.019230769230769232 0.019230769230769232
0 0.3641826923076923 0.7548076923076923 0.025240384615384616 0.02403846153846154
0 0.28365384615384615 0.9855769230769231 0.020432692307692308 0.021634615384615384
0 0.40625 0.9903846153846154 0.02403846153846154 0.014423076923076924
0 0.9290865384615384 0.7956730769230769 0.025240384615384616 0.02403846153846154
1 0.5 0.7668269230769231 0.9951923076923077 0.24519230769230768