0 0.5396634615384616 0.23918269230769232 0.018028846153846152 0.021634615384615384
1 0.4987980769230769 0.5865384615384616 0.9975961538461539 0.3269230769230769
1 0.3449519230769231 0.9603365384615384 0.6850961538461539 0.07211538461538461
1 0.4987980769230769 0.052884615384615384 0.9927884615384616 0.10336538461538461
0 0.5588942307692307 0.6850961538461539 0.025240384615384616 0.021634615384615384
0 0.7271634615384616 0.703125 0.027644230769230768 0.02283653846153846
0 0.3942307692307692 0.5709134615384616 0.021634615384615384 0.02403846153846154
0 0.13341346153846154 0.4387019230769231 0.021634615384615384 0.02403846153846154
0 0.7139423076923077 0.328125 0.019230769230769232 0.019230769230769232
0 0.6358173076923077 0.24519230769230768 0.025240384615384616 0.02403846153846154
0 0.7163461538461539 0.014423076923076924 0.020432692307692308 0.021634615384615384
0 0.5949519230769231 0.008413461538461538 0.021634615384615384 0.016826923076923076
0 0.07091346153846154 0.20432692307692307 0.025240384615384616 0.02403846153846154
1 0.4987980769230769 0.23317307692307693 0.9975961538461539 0.2439903846153846