0 0.5576923076923077 0.6478365384615384 0.020432692307692308 0.027644230769230768
0 0.9867788461538461 0.5084134615384616 0.019230769230769232 0.019230769230769232
0 0.3942307692307692 0.39302884615384615 0.026442307692307692 0.02283653846153846
0 0.4014423076923077 0.765625 0.02403846153846154 0.02283653846153846
0 0.5697115384615384 0.7512019230769231 0.020432692307692308 0.020432692307692308
0 0.7295673076923077 0.6346153846153846 0.019230769230769232 0.020432692307692308
0 0.46634615384615385 0.31490384615384615 0.020432692307692308 0.02403846153846154
0 0.3762019230769231 0.08533653846153846 0.015625 0.021634615384615384
0 0.41586538461538464 0.0829326923076923 0.016826923076923076 0.018028846153846152
0 0.49399038461538464 0.08052884615384616 0.02283653846153846 0.020432692307692308
0 0.5324519230769231 0.078125 0.016826923076923076 0.021634615384615384
0 0.8425480769230769 0.06009615384615385 0.020432692307692308 0.021634615384615384
1 0.5 0.65625 0.9963942307692307 0.32211538461538464
1 0.5 0.09375 0.9963942307692307 0.18629807692307693
0 0.515625 0.31009615384615385 0.021634615384615384 0.02283653846153846
0 0.5612980769230769 0.3076923076923077 0.026442307692307692 0.02283653846153846
1 0.5 0.3173076923076923 0.9963942307692307 0.2283653846153846