0 0.47836538461538464 0.036057692307692304 0.02283653846153846 0.020432692307692308
1 0.44591346153846156 0.07211538461538461 0.890625 0.14302884615384615
1 0.4987980769230769 0.6105769230769231 0.9927884615384616 0.2548076923076923
0 0.4326923076923077 0.7103365384615384 0.020432692307692308 0.020432692307692308
0 0.265625 0.7055288461538461 0.019230769230769232 0.02283653846153846
0 0.10576923076923077 0.5985576923076923 0.019230769230769232 0.020432692307692308
0 0.27884615384615385 0.6045673076923077 0.02283653846153846 0.021634615384615384
0 0.45552884615384615 0.3449519230769231 0.018028846153846152 0.020432692307692308
0 0.28365384615384615 0.26802884615384615 0.021634615384615384 0.020432692307692308
0 0.3762019230769231 0.2668269230769231 0.015625 0.019230769230769232
0 0.4387019230769231 0.036057692307692304 0.02403846153846154 0.018028846153846152
0 0.35697115384615385 0.036057692307692304 0.02403846153846154 0.021634615384615384
0 0.32091346153846156 0.03365384615384615 0.025240384615384616 0.025240384615384616
1 0.5 0.2956730769230769 0.9963942307692307 0.19230769230769232