0 0.7800480769230769 0.45913461538461536 0.026442307692307692 0.02403846153846154
0 0.009615384615384616 0.6670673076923077 0.018028846153846152 0.016826923076923076
0 0.8689903846153846 0.890625 0.016826923076923076 0.02283653846153846
0 0.9675480769230769 0.3161057692307692 0.021634615384615384 0.020432692307692308
0 0.7067307692307693 0.4639423076923077 0.026442307692307692 0.02283653846153846
0 0.6346153846153846 0.4699519230769231 0.019230769230769232 0.025240384615384616
0 0.49399038461538464 0.484375 0.02403846153846154 0.02403846153846154
0 0.35096153846153844 0.4963942307692308 0.02283653846153846 0.02403846153846154
0 0.16706730769230768 0.5132211538461539 0.020432692307692308 0.021634615384615384
1 0.4987980769230769 0.49158653846153844 0.9975961538461539 0.3786057692307692
1 0.4987980769230769 0.9242788461538461 0.9975961538461539 0.1466346153846154