0 0.7800480769230769 0.5408653846153846 0.026442307692307692 0.02403846153846154
0 0.009615384615384616 0.3329326923076923 0.018028846153846152 0.016826923076923076
0 0.8689903846153846 0.109375 0.016826923076923076 0.02283653846153846
0 0.9675480769230769 0.6838942307692307 0.021634615384615384 0.020432692307692308
0 0.7067307692307693 0.5360576923076923 0.026442307692307692 0.02283653846153846
0 0.6346153846153846 0.5300480769230769 0.019230769230769232 0.025240384615384616
0 0.49399038461538464 0.515625 0.02403846153846154 0.02403846153846154
0 0.35096153846153844 0.5036057692307693 0.02283653846153846 0.02403846153846154
0 0.16706730769230768 0.48677884615384615 0.020432692307692308 0.021634615384615384
1 0.4987980769230769 0.5084134615384616 0.9975961538461539 0.3786057692307692
1 0.5 0.07451923076923077 0.9963942307692307 0.14903846153846154