0 0.21995192307692307 0.5408653846153846 0.026442307692307692 0.02403846153846154
0 0.9903846153846154 0.3329326923076923 0.018028846153846152 0.016826923076923076
0 0.1310096153846154 0.109375 0.016826923076923076 0.02283653846153846
0 0.03245192307692308 0.6838942307692307 0.021634615384615384 0.020432692307692308
0 0.2932692307692308 0.5360576923076923 0.026442307692307692 0.02283653846153846
0 0.36538461538461536 0.5300480769230769 0.019230769230769232 0.025240384615384616
0 0.5060096153846154 0.515625 0.02403846153846154 0.02403846153846154
0 0.6490384615384616 0.5036057692307693 0.02283653846153846 0.02403846153846154
0 0.8329326923076923 0.48677884615384615 0.020432692307692308 0.021634615384615384
1 0.5 0.5084134615384616 0.9951923076923077 0.38221153846153844
1 0.5 0.07451923076923077 0.9963942307692307 0.14903846153846154