0 0.18389423076923078 0.5072115384615384 0.02403846153846154 0.02403846153846154
0 0.7151442307692307 0.9002403846153846 0.015625 0.019230769230769232
0 0.8918269230769231 0.8882211538461539 0.015625 0.020432692307692308
0 0.5673076923076923 0.35216346153846156 0.018028846153846152 0.019230769230769232
0 0.3233173076923077 0.49759615384615385 0.02283653846153846 0.02283653846153846
0 0.46153846153846156 0.484375 0.021634615384615384 0.02283653846153846
0 0.5324519230769231 0.4795673076923077 0.020432692307692308 0.021634615384615384
0 0.6069711538461539 0.4735576923076923 0.020432692307692308 0.020432692307692308
0 0.8665865384615384 0.32572115384615385 0.021634615384615384 0.021634615384615384
0 0.7932692307692307 0.3317307692307692 0.02403846153846154 0.019230769230769232
1 0.4987980769230769 0.5264423076923077 0.9975961538461539 0.3701923076923077
1 0.5012019230769231 0.9350961538461539 0.9939903846153846 0.12860576923076922