0 0.8161057692307693 0.5072115384615384 0.02403846153846154 0.02403846153846154
0 0.2848557692307692 0.9002403846153846 0.015625 0.019230769230769232
0 0.10817307692307693 0.8882211538461539 0.015625 0.020432692307692308
0 0.4326923076923077 0.35216346153846156 0.018028846153846152 0.019230769230769232
0 0.6766826923076923 0.49759615384615385 0.02283653846153846 0.02283653846153846
0 0.5384615384615384 0.484375 0.021634615384615384 0.02283653846153846
0 0.4675480769230769 0.4795673076923077 0.020432692307692308 0.021634615384615384
0 0.39302884615384615 0.4735576923076923 0.020432692307692308 0.020432692307692308
0 0.13341346153846154 0.32572115384615385 0.021634615384615384 0.021634615384615384
0 0.20673076923076922 0.3317307692307692 0.02403846153846154 0.019230769230769232
1 0.5 0.5276442307692307 0.9951923076923077 0.37259615384615385
1 0.4987980769230769 0.9350961538461539 0.9939903846153846 0.12860576923076922