0 0.7548076923076923 0.9795673076923077 0.026442307692307692 0.02403846153846154
0 0.1778846153846154 0.5757211538461539 0.025240384615384616 0.02403846153846154
0 0.037259615384615384 0.5853365384615384 0.021634615384615384 0.02283653846153846
0 0.4230769230769231 0.43990384615384615 0.019230769230769232 0.018028846153846152
0 0.6430288461538461 0.421875 0.018028846153846152 0.018028846153846152
0 0.7139423076923077 0.4170673076923077 0.021634615384615384 0.02283653846153846
0 0.4543269230769231 0.5576923076923077 0.018028846153846152 0.019230769230769232
0 0.38341346153846156 0.5625 0.02403846153846154 0.02283653846153846
0 0.3137019230769231 0.5673076923076923 0.02283653846153846 0.02283653846153846
0 0.5769230769230769 0.9891826923076923 0.020432692307692308 0.018028846153846152
1 0.4963942307692308 0.5612980769230769 0.9927884615384616 0.36177884615384615
1 0.6550480769230769 0.9447115384615384 0.6850961538461539 0.109375