0 0.833447 0.490098 0.024668 0.027578
0 0.756533 0.489375 0.024668 0.020312
1 0.501357 0.952275 0.992598 0.091270
1 0.501475 0.715283 0.997051 0.228184
1 0.504111 0.487090 0.991777 0.169023
1 0.568027 0.338652 0.863945 0.117227
0 0.681074 0.485010 0.018867 0.023223
0 0.479355 0.621426 0.027578 0.026133
0 0.789180 0.716484 0.029023 0.030469
0 0.551191 0.706318 0.029023 0.033379
0 0.364707 0.696162 0.027578 0.027559
0 0.319727 0.691807 0.021758 0.024668
0 0.776855 0.958828 0.027578 0.027578
0 0.620850 0.949395 0.023223 0.026133
1 0.074775 0.154082 0.140293 0.076523
1 0.153486 0.058721 0.296855 0.110918
0 0.408623 0.421221 0.021152 0.019160
0 0.465049 0.421719 0.017129 0.014102
0 0.771416 0.340605 0.017129 0.015117
0 0.700371 0.630830 0.020156 0.017129
0 0.605645 0.484199 0.020156 0.020156
0 0.323350 0.418262 0.026113 0.023203
1 0.029014 0.236426 0.056816 0.084570
