1 0.277959 0.506318 0.537598 0.149199
1 0.232402 0.725566 0.451016 0.205000
1 0.914609 0.396406 0.170781 0.109336
0 0.099648 0.442295 0.016484 0.015215
0 0.065420 0.442295 0.016465 0.012676
0 0.043232 0.712324 0.020293 0.020273
0 0.363330 0.150732 0.019004 0.015215
0 0.207402 0.404268 0.021562 0.015215
1 0.906660 0.778525 0.184492 0.183379
1 0.177734 0.967588 0.339414 0.046699
0 0.176973 0.401738 0.019023 0.017734
0 0.410869 0.304131 0.015215 0.015215
1 0.301309 0.364521 0.579727 0.132129
1 0.314971 0.266572 0.613887 0.104785
1 0.355977 0.047891 0.693633 0.063789
1 0.916338 0.542197 0.165137 0.148066
1 0.344590 0.124199 0.675391 0.070625
