0 0.917305 0.368115 0.019687 0.020840
0 0.819443 0.364531 0.016309 0.018516
0 0.500000 0.448545 0.020703 0.017363
0 0.586172 0.450869 0.021992 0.017363
0 0.646934 0.451387 0.018516 0.016328
1 0.112383 0.166846 0.217852 0.067207
0 0.797979 0.516729 0.019668 0.019668
1 0.172061 0.066611 0.337207 0.126309
1 0.640205 0.367305 0.719590 0.125156
0 0.952490 0.520254 0.016191 0.017461
0 0.951914 0.665566 0.015039 0.016211
0 0.815977 0.742529 0.016094 0.017363
0 0.726270 0.657979 0.015156 0.017480
0 0.622627 0.735596 0.013887 0.017363
0 0.574648 0.735527 0.021875 0.022109
1 0.585732 0.518525 0.816934 0.161074
1 0.511367 0.743467 0.971133 0.221934
1 0.081396 0.247217 0.152441 0.085645
