0 0.808975 0.737900 0.020840 0.019668
1 0.095576 0.364990 0.188887 0.108926
1 0.051963 0.500596 0.097598 0.125488
1 0.212334 0.070850 0.415801 0.140723
1 0.170186 0.181143 0.340371 0.072246
1 0.605742 0.735283 0.786914 0.204238
1 0.670332 0.509834 0.659336 0.150645
1 0.701611 0.366729 0.596777 0.117051
0 0.802080 0.451963 0.023262 0.019551
0 0.740107 0.450869 0.017363 0.017363
0 0.652725 0.449717 0.020840 0.017363
0 0.964639 0.358857 0.019668 0.023145
0 0.957754 0.509844 0.022109 0.022109
0 0.909082 0.739580 0.019687 0.020723
0 0.910820 0.656309 0.020820 0.020820
0 0.761631 0.735479 0.018535 0.019668
1 0.136699 0.263135 0.267617 0.076465
