0 0.806191 0.358857 0.013906 0.019668
1 0.501719 0.954795 0.994219 0.081113
1 0.500000 0.724775 1.000000 0.232910
1 0.501719 0.508672 0.996523 0.171484
0 0.170654 0.933447 0.019668 0.019551
0 0.080957 0.617480 0.018516 0.014922
0 0.756367 0.509893 0.017461 0.017363
0 0.718174 0.509199 0.017480 0.018516
0 0.642939 0.505840 0.019551 0.018516
0 0.603643 0.503418 0.017363 0.018516
0 0.529580 0.498848 0.017363 0.016094
0 0.307813 0.490684 0.018516 0.018516
0 0.491846 0.497627 0.020840 0.020840
0 0.237217 0.487900 0.023145 0.017363
0 0.167305 0.484316 0.019687 0.019687
0 0.098437 0.483213 0.018516 0.017480
0 0.774355 0.358857 0.012734 0.015059
0 0.742012 0.355381 0.014922 0.017363
0 0.339756 0.347852 0.018535 0.018516
1 0.500566 0.355146 0.994219 0.133262
0 0.592070 0.726855 0.019687 0.018633
0 0.766152 0.812559 0.018516 0.018516
0 0.685703 0.730381 0.021992 0.018535
0 0.138369 0.698496 0.024316 0.022109
