0 0.989258 0.738437 0.020547 0.025391
0 0.553721 0.720488 0.022168 0.019297
0 0.505400 0.717588 0.020254 0.026035
1 0.110059 0.161631 0.210898 0.072988
1 0.172637 0.062559 0.336055 0.120508
1 0.619336 0.358662 0.758984 0.124082
1 0.574150 0.503467 0.851699 0.163379
1 0.504043 0.731738 0.991914 0.223633
1 0.501104 0.964854 0.995137 0.070293
0 0.602852 0.437852 0.020313 0.024687
0 0.665977 0.643926 0.021758 0.018867
0 0.543359 0.437119 0.017422 0.023223
0 0.460645 0.433496 0.029023 0.021758
0 0.907607 0.503877 0.023223 0.026113
0 0.753447 0.501416 0.018145 0.025410
0 0.985020 0.507461 0.024180 0.025391
0 0.747627 0.726914 0.020840 0.025469
1 0.062021 0.237012 0.122832 0.085742
