1 0.377158 0.499404 0.747402 0.162207
1 0.387598 0.346445 0.775195 0.118203
1 0.381787 0.711455 0.754355 0.201621
1 0.376494 0.959160 0.734902 0.081680
0 0.262676 0.778359 0.018516 0.021875
0 0.108154 0.698555 0.017363 0.019687
0 0.199658 0.701973 0.017480 0.021875
0 0.348955 0.487324 0.017480 0.018516
0 0.312441 0.487324 0.018516 0.018516
0 0.204346 0.482695 0.017363 0.018516
0 0.240684 0.483730 0.018516 0.018516
0 0.276104 0.483799 0.024316 0.020723
0 0.132578 0.482637 0.024297 0.020703
0 0.093809 0.481533 0.023164 0.023145
0 0.453066 0.340801 0.019687 0.019688
0 0.421299 0.341494 0.013770 0.018535
0 0.390625 0.340215 0.014922 0.018516
