1 0.500918 0.744336 0.995273 0.189844
1 0.502295 0.983770 0.995371 0.027813
1 0.500459 0.523340 0.999082 0.150156
1 0.498838 0.382373 0.997676 0.125137
0 0.629531 0.372939 0.015117 0.017129
0 0.914219 0.526133 0.018125 0.019141
0 0.989805 0.527139 0.020156 0.023184
0 0.873271 0.525469 0.017246 0.018398
0 0.681133 0.523730 0.017461 0.014922
0 0.602949 0.522627 0.018516 0.017363
0 0.527256 0.519678 0.012715 0.016309
0 0.453066 0.520254 0.017344 0.017461
0 0.315977 0.460068 0.016094 0.014941
0 0.255205 0.459541 0.017480 0.013887
0 0.535244 0.666719 0.024316 0.018516
0 0.313018 0.660879 0.019668 0.016094
0 0.288721 0.739531 0.019668 0.018516
0 0.619150 0.747744 0.013887 0.018535
0 0.428242 0.744219 0.016094 0.016094
0 0.378994 0.742529 0.019668 0.019668
0 0.196699 0.739004 0.018516 0.021875
0 0.148438 0.738135 0.019688 0.020840
