0 0.376846 0.354443 0.020059 0.017949
1 0.373096 0.504033 0.743926 0.145996
1 0.381787 0.361514 0.761309 0.120527
0 0.286523 0.800781 0.019023 0.019023
0 0.216270 0.723135 0.020078 0.020059
0 0.120664 0.722080 0.016914 0.017949
0 0.348848 0.502344 0.019023 0.020078
0 0.308711 0.502344 0.019023 0.017969
0 0.272266 0.501816 0.020078 0.016914
0 0.234756 0.500234 0.019004 0.017969
0 0.196191 0.501289 0.024297 0.022187
0 0.439170 0.353916 0.020059 0.016895
0 0.408535 0.354453 0.017969 0.020078
1 0.396270 0.731738 0.785625 0.186563
0 0.082637 0.497588 0.016914 0.016895
1 0.404961 0.974492 0.803008 0.046367
