0 0.391729 0.461143 0.019355 0.020566
1 0.476807 0.319805 0.946699 0.141367
1 0.476807 0.478545 0.946699 0.159902
0 0.105723 0.448447 0.022969 0.019355
0 0.620293 0.320869 0.016914 0.015723
0 0.320381 0.456309 0.016934 0.018125
0 0.588721 0.321953 0.014512 0.016914
0 0.033047 0.444697 0.022969 0.018145
0 0.431035 0.464170 0.018125 0.019355
1 0.501719 0.941475 0.996523 0.112402
0 0.336104 0.678828 0.021777 0.025391
0 0.428008 0.683662 0.019336 0.018145
0 0.544717 0.469609 0.015723 0.020547
0 0.504199 0.467197 0.016914 0.020566
1 0.498252 0.695225 0.991895 0.229434
0 0.496699 0.765176 0.018125 0.022969
