0 0.641221 0.344814 0.016934 0.019355
0 0.670850 0.346016 0.015723 0.019336
0 0.704707 0.347227 0.020547 0.019336
0 0.121211 0.461504 0.026602 0.022969
0 0.191348 0.466348 0.024180 0.025391
0 0.412656 0.478437 0.024180 0.020547
0 0.483398 0.483877 0.020547 0.021777
0 0.523906 0.486299 0.021758 0.024199
0 0.598281 0.489326 0.020547 0.018145
0 0.636377 0.492344 0.021777 0.021758
0 0.612275 0.792246 0.020723 0.024414
0 0.537617 0.709434 0.021875 0.020820
1 0.502305 0.341240 0.995391 0.154121
0 0.444385 0.703760 0.020840 0.023145
1 0.501631 0.505645 0.993027 0.160508
1 0.497871 0.722559 0.995547 0.258281
1 0.502139 0.949766 0.995723 0.100469
