0 0.561289 0.686973 0.025469 0.021992
0 0.729160 0.704854 0.027891 0.023262
0 0.396406 0.572393 0.022109 0.024316
0 0.134844 0.440449 0.022109 0.024297
0 0.715801 0.330498 0.019687 0.019668
0 0.637676 0.247168 0.025469 0.024297
0 0.596982 0.009199 0.019434 0.016680
1 0.501143 0.055020 0.993066 0.103125
1 0.498838 0.588633 0.997676 0.324453
1 0.347021 0.961748 0.684824 0.071855
0 0.541719 0.241318 0.018516 0.022090
0 0.073359 0.205732 0.025000 0.023613
0 0.718506 0.016152 0.020840 0.022227
1 0.500488 0.235625 0.997422 0.244883
