56 0.293922 0.361479 0.155406 0.166667
56 0.44668 0.410333 0.130984 0.247292
42 0.609039 0.883219 0.296391 0.233563
43 0.44157 0.875375 0.026328 0.24925
53 0.477352 0.902354 0.527641 0.17175
60 0.29882 0.235885 0.225172 0.158021
41 0.302555 0.184302 0.030016 0.037979
56 0.035484 0.455885 0.070094 0.352854
56 0.664039 0.177365 0.035766 0.026646
60 0.956766 0.246594 0.086469 0.074271
60 0.502242 0.893083 0.994641 0.213833
41 0.269547 0.186688 0.029219 0.048708
41 0.343391 0.184292 0.031219 0.032792
41 0.369352 0.1825 0.025828 0.048708
