0 0.153301 0.924824 0.019687 0.020820
0 0.300352 0.934551 0.021875 0.019687
0 0.536982 0.949707 0.023145 0.019688
0 0.881885 0.728525 0.020840 0.019668
0 0.982578 0.735527 0.020820 0.022109
0 0.407461 0.703174 0.025469 0.026621
0 0.175283 0.689756 0.026621 0.018535
0 0.121475 0.607695 0.020840 0.018516
0 0.335596 0.619277 0.020840 0.018516
0 0.982578 0.504687 0.016211 0.018516
0 0.943291 0.502832 0.020723 0.019688
0 0.865107 0.499482 0.019668 0.019668
0 0.825225 0.498262 0.020723 0.022109
0 0.748906 0.496465 0.018516 0.018516
0 0.711807 0.494854 0.016309 0.019668
0 0.520781 0.484316 0.016211 0.017344
0 0.445596 0.482119 0.023262 0.019668
0 0.370313 0.476855 0.018516 0.018633
0 0.295078 0.474600 0.020820 0.020840
0 0.170771 0.412617 0.024316 0.015156
0 0.111689 0.409668 0.019551 0.018516
0 0.028877 0.405732 0.023145 0.017363
0 0.987275 0.354111 0.020723 0.020840
0 0.955439 0.354160 0.017480 0.016094
0 0.923672 0.351328 0.018516 0.019687
0 0.505205 0.335703 0.017480 0.018516
