0 0.286172 0.960938 0.019688 0.015039
0 0.674189 0.976279 0.017480 0.017480
0 0.435244 0.966494 0.018535 0.018535
0 0.042764 0.714697 0.023145 0.017480
0 0.089707 0.714707 0.022109 0.021875
0 0.273145 0.721641 0.027891 0.021875
0 0.504043 0.725752 0.022109 0.018535
0 0.987852 0.744268 0.021875 0.023145
0 0.211748 0.638945 0.025449 0.018516
0 0.427656 0.646465 0.022109 0.015039
0 0.368057 0.501211 0.020723 0.018516
0 0.516846 0.503418 0.017363 0.018516
0 0.593691 0.505840 0.018516 0.018516
0 0.902725 0.514463 0.020840 0.019551
0 0.942764 0.514463 0.019668 0.019551
0 0.824131 0.511572 0.018535 0.016074
0 0.234316 0.440449 0.024297 0.015039
0 0.174189 0.439873 0.019551 0.013887
0 0.092539 0.439238 0.025469 0.015156
0 0.559551 0.356426 0.012734 0.011562
0 0.979805 0.364004 0.019687 0.017461
0 0.440918 0.501738 0.018516 0.019570
