0 0.464707 0.717588 0.022109 0.023262
0 0.652256 0.723379 0.024316 0.027656
0 0.580381 0.642305 0.026621 0.020820
0 0.803760 0.649824 0.024316 0.024297
0 0.899248 0.733164 0.025449 0.031250
0 0.683389 0.499482 0.019668 0.019668
0 0.835010 0.502949 0.019668 0.024297
0 0.914414 0.503525 0.025469 0.023145
0 0.392939 0.434033 0.015176 0.020723
0 0.477432 0.434609 0.022090 0.021875
0 0.538770 0.436396 0.022109 0.020840
0 0.735469 0.350176 0.021992 0.019688
0 0.832695 0.351279 0.015039 0.017480
0 0.421299 0.714180 0.023262 0.023164
