0 0.402139 0.940459 0.024316 0.023145
0 0.171240 0.928877 0.025449 0.020840
0 0.343691 0.938721 0.023164 0.019668
0 0.300283 0.696816 0.017363 0.021992
0 0.772549 0.719414 0.019746 0.018594
0 0.962900 0.805029 0.020840 0.020840
0 0.870313 0.724023 0.020820 0.018516
0 0.076338 0.689297 0.023145 0.020820
0 0.023672 0.608281 0.021992 0.018516
0 0.236631 0.616953 0.026621 0.019688
0 0.894619 0.496582 0.020840 0.019688
0 0.913135 0.345547 0.016191 0.018516
0 0.740107 0.491377 0.019668 0.016191
0 0.778877 0.493691 0.018535 0.016211
0 0.434551 0.480381 0.019688 0.019668
0 0.359902 0.479863 0.018516 0.016328
0 0.216377 0.475752 0.020840 0.017363
0 0.031768 0.412676 0.028926 0.018516
0 0.091953 0.413828 0.019687 0.016211
0 0.857002 0.496006 0.015059 0.016191
0 0.881885 0.345547 0.013887 0.016211
0 0.434541 0.333389 0.017363 0.019668
0 0.663711 0.489062 0.015039 0.018516
0 0.623789 0.487900 0.018516 0.020840
