0 0.620850 0.949395 0.023223 0.026133
0 0.776855 0.958828 0.027578 0.027578
0 0.319727 0.691807 0.021758 0.024668
0 0.364707 0.696162 0.027578 0.027559
0 0.551191 0.706318 0.029023 0.033379
0 0.789180 0.716484 0.029023 0.030469
0 0.479355 0.621426 0.027578 0.026133
0 0.681074 0.485010 0.018867 0.023223
0 0.756533 0.489375 0.024668 0.020312
0 0.833447 0.490098 0.024668 0.027578
0 0.323350 0.418262 0.026113 0.023203
0 0.605645 0.484199 0.020156 0.020156
0 0.408623 0.421221 0.021152 0.019160
0 0.700371 0.630830 0.020156 0.017129
0 0.771416 0.340605 0.017129 0.015117
0 0.465049 0.421719 0.017129 0.014102
1 0.029014 0.236426 0.056816 0.084570
