0 0.254043 0.923555 0.022109 0.020820
0 0.832705 0.798555 0.017363 0.020820
0 0.652725 0.711230 0.020840 0.022109
0 0.747051 0.717070 0.019687 0.019687
0 0.189297 0.683457 0.024297 0.021875
0 0.126787 0.602422 0.026621 0.021875
0 0.797402 0.493057 0.018516 0.023262
0 0.757471 0.491318 0.019668 0.022090
0 0.679922 0.487217 0.021992 0.023145
0 0.640566 0.485586 0.019687 0.024297
0 0.121475 0.462441 0.020840 0.021992
0 0.193867 0.465859 0.021875 0.021875
0 0.266729 0.467588 0.024316 0.023262
0 0.342070 0.472744 0.019688 0.019668
0 0.831602 0.344961 0.015156 0.018516
0 0.565977 0.482637 0.016094 0.020703
0 0.799824 0.344160 0.012734 0.015039
0 0.355908 0.325635 0.013770 0.015059
0 0.767881 0.341260 0.016191 0.016191
