0 0.795828 0.737852 0.019844 0.023672
0 0.712398 0.651035 0.017141 0.016914
0 0.444984 0.720938 0.018031 0.019180
0 0.534273 0.643154 0.030672 0.019160
0 0.598758 0.727139 0.018953 0.020293
0 0.364266 0.434023 0.018938 0.015781
0 0.433258 0.437402 0.018047 0.018047
0 0.484219 0.438525 0.020750 0.018027
0 0.600109 0.500537 0.019844 0.020293
0 0.662797 0.503350 0.017125 0.019160
0 0.725023 0.505605 0.017141 0.019180
0 0.788617 0.506162 0.016234 0.020293
0 0.634836 0.351719 0.015328 0.022539
0 0.711945 0.354541 0.014422 0.021426
0 0.406203 0.717559 0.018031 0.019180
