0 0.322773 0.941904 0.017141 0.021426
0 0.137883 0.931758 0.022547 0.023672
0 0.273617 0.940215 0.019828 0.027070
0 0.619508 0.718682 0.017141 0.021426
0 0.715102 0.495459 0.017141 0.019160
0 0.683992 0.496592 0.016234 0.021426
0 0.620406 0.491514 0.017125 0.022559
0 0.590188 0.490947 0.019844 0.019160
0 0.697523 0.723193 0.016234 0.023691
0 0.188844 0.618906 0.019844 0.018047
0 0.244758 0.697266 0.016234 0.019180
0 0.063016 0.688242 0.020750 0.021406
0 0.019281 0.609893 0.018031 0.018027
0 0.347125 0.479111 0.011719 0.018027
0 0.288500 0.478555 0.013531 0.016914
0 0.172148 0.474033 0.015328 0.019160
0 0.074289 0.415977 0.021641 0.018047
0 0.028297 0.414854 0.028875 0.018027
0 0.731797 0.345518 0.012625 0.019160
0 0.703836 0.345518 0.016234 0.019160
0 0.678570 0.343828 0.016234 0.018047
0 0.270914 0.331426 0.016234 0.022539
0 0.298414 0.331416 0.017141 0.020293
0 0.320523 0.333672 0.016234 0.024805
0 0.347578 0.334805 0.018031 0.022539
0 0.528414 0.487568 0.017141 0.025918
0 0.500000 0.486436 0.012625 0.021426
0 0.771023 0.803242 0.017141 0.023672
