0 0.691211 0.761533 0.016234 0.021426
0 0.729086 0.762656 0.016234 0.019180
0 0.812961 0.684863 0.023453 0.016914
0 0.809805 0.767725 0.017141 0.022559
0 0.888727 0.772803 0.018047 0.021426
0 0.968086 0.543379 0.016234 0.018047
0 0.901352 0.539424 0.018047 0.021426
0 0.835063 0.536045 0.013531 0.019160
0 0.706984 0.472910 0.018937 0.014648
0 0.656031 0.471777 0.019844 0.016914
0 0.585008 0.468574 0.018484 0.019492
0 0.829648 0.384414 0.013516 0.018047
0 0.857633 0.385117 0.012516 0.018008
0 0.885812 0.387461 0.012531 0.021133
0 0.911500 0.386289 0.013781 0.015664
