0 0.228977 0.959941 0.017141 0.016914
0 0.348023 0.967275 0.020734 0.013535
0 0.541039 0.975166 0.029766 0.018027
0 0.032359 0.713613 0.020750 0.018047
0 0.071586 0.712490 0.016234 0.020293
0 0.142969 0.717969 0.020562 0.025703
0 0.166781 0.639502 0.018406 0.012168
0 0.219266 0.719990 0.017313 0.021660
0 0.403266 0.725400 0.023812 0.027051
0 0.791320 0.744609 0.023453 0.023672
0 0.869789 0.746309 0.021641 0.027070
0 0.339008 0.645967 0.018953 0.018027
0 0.073844 0.436836 0.017125 0.012383
0 0.136977 0.439658 0.024359 0.011270
0 0.187484 0.440781 0.015344 0.015781
0 0.293461 0.498848 0.016234 0.016914
0 0.352531 0.502227 0.013531 0.016914
0 0.412516 0.503350 0.014438 0.019160
0 0.474297 0.506172 0.013531 0.018047
0 0.849047 0.517451 0.019844 0.020293
0 0.819273 0.516309 0.016234 0.015781
0 0.787711 0.514619 0.019828 0.019160
0 0.752984 0.512373 0.018938 0.019160
0 0.720969 0.512930 0.021656 0.018047
0 0.659633 0.510674 0.021641 0.020293
0 0.628070 0.509561 0.016234 0.020293
0 0.834609 0.362988 0.014438 0.018047
0 0.809805 0.363555 0.017141 0.019180
0 0.782750 0.362998 0.017125 0.020293
0 0.370570 0.355107 0.015328 0.020293
0 0.398531 0.355098 0.015344 0.022539
0 0.446789 0.356221 0.018047 0.020293
