0 0.295172 0.697041 0.018031 0.022559
0 0.380945 0.621172 0.014422 0.015781
0 0.558617 0.631875 0.016234 0.019180
0 0.632125 0.716992 0.013531 0.022539
0 0.440922 0.706279 0.020750 0.021426
0 0.497750 0.950371 0.026156 0.024805
0 0.483766 0.484756 0.018031 0.020293
0 0.604172 0.488135 0.011719 0.018027
0 0.666398 0.490391 0.017141 0.022539
0 0.323680 0.420488 0.015328 0.013516
0 0.258906 0.419873 0.015000 0.015645
0 0.858945 0.499727 0.016297 0.015664
0 0.617500 0.340020 0.013156 0.015664
0 0.539516 0.336885 0.011281 0.014082
0 0.372594 0.422217 0.015656 0.014082
