0 0.648367 0.738975 0.017141 0.021426
0 0.607773 0.736162 0.015328 0.020293
0 0.804398 0.740664 0.017141 0.022539
0 0.725023 0.738418 0.017141 0.024805
0 0.732242 0.657246 0.022547 0.018047
0 0.964492 0.514053 0.016234 0.020293
0 0.894797 0.511113 0.015781 0.020664
0 0.831586 0.510645 0.016547 0.021602
0 0.768766 0.511807 0.025250 0.022559
0 0.641602 0.452061 0.021641 0.013535
0 0.590641 0.449805 0.018938 0.015781
0 0.521641 0.449805 0.019844 0.022539
0 0.852648 0.359043 0.018047 0.019180
0 0.771023 0.360176 0.018953 0.023672
0 0.918937 0.662314 0.018938 0.021426
