0 0.136977 0.935146 0.017141 0.014668
0 0.611383 0.811133 0.015328 0.019180
0 0.548703 0.728838 0.012625 0.021426
0 0.471586 0.723193 0.020734 0.025918
0 0.109469 0.697832 0.018031 0.024805
0 0.066172 0.619473 0.019844 0.019180
0 0.605523 0.508428 0.016234 0.022559
0 0.572609 0.508428 0.018937 0.020293
0 0.513070 0.503916 0.017141 0.022559
0 0.481961 0.503359 0.019828 0.023672
0 0.247461 0.491514 0.025266 0.024785
0 0.190195 0.485879 0.017141 0.022539
0 0.079703 0.481377 0.025250 0.020293
0 0.133820 0.485312 0.018047 0.014648
0 0.421977 0.498838 0.015328 0.021426
0 0.644758 0.361865 0.015328 0.020293
0 0.619500 0.360176 0.013531 0.016914
0 0.593797 0.359609 0.019844 0.018047
0 0.271820 0.346084 0.016234 0.020293
