0 0.117836 0.739121 0.017391 0.020703
0 0.154688 0.740156 0.021531 0.022773
0 0.304578 0.742744 0.013250 0.027949
0 0.230461 0.739121 0.017391 0.022773
0 0.341703 0.740771 0.021469 0.031309
0 0.493586 0.754014 0.022672 0.036074
0 0.885539 0.762412 0.015734 0.023809
0 0.970828 0.764922 0.024313 0.023789
0 0.927492 0.762285 0.026422 0.029062
0 0.359992 0.518545 0.026422 0.033027
0 0.421289 0.524502 0.028547 0.031699
0 0.483641 0.524502 0.022187 0.034355
0 0.544406 0.521855 0.021125 0.023789
0 0.698172 0.525820 0.015844 0.023789
0 0.729352 0.525156 0.021141 0.027734
0 0.792750 0.525820 0.023250 0.031719
0 0.824984 0.526475 0.024312 0.025098
0 0.925383 0.527139 0.024297 0.026426
0 0.860914 0.526475 0.020078 0.025098
0 0.890516 0.528457 0.017969 0.029062
0 0.250086 0.661221 0.022203 0.017168
0 0.427102 0.667168 0.025359 0.021133
0 0.138594 0.459111 0.019031 0.017168
0 0.204641 0.458447 0.017969 0.015840
0 0.250086 0.459766 0.017953 0.015859
0 0.895789 0.375225 0.013734 0.015840
0 0.868844 0.375889 0.016906 0.017168
0 0.844016 0.373896 0.017969 0.018496
0 0.426570 0.371924 0.020078 0.022441
0 0.454578 0.371924 0.016906 0.022441
0 0.479937 0.371270 0.016906 0.021133
0 0.502141 0.372588 0.016906 0.023770
