0 0.123453 0.923311 0.018937 0.018027
0 0.239344 0.931768 0.018031 0.021426
0 0.379594 0.943604 0.015344 0.022559
0 0.429648 0.947549 0.018047 0.021426
0 0.706539 0.729395 0.018047 0.024805
0 0.788109 0.733340 0.019031 0.025938
0 0.863125 0.818652 0.015625 0.016602
0 0.325086 0.701553 0.018797 0.027246
0 0.269094 0.619336 0.018031 0.016914
0 0.141937 0.689375 0.018031 0.025938
0 0.096844 0.607637 0.021656 0.022539
0 0.786805 0.503916 0.016234 0.020293
0 0.757500 0.502227 0.018938 0.019180
0 0.724578 0.503350 0.018031 0.025918
0 0.692109 0.502227 0.019844 0.021406
0 0.662352 0.499971 0.016234 0.021426
0 0.602367 0.494336 0.020734 0.021406
0 0.567187 0.493203 0.020750 0.030430
0 0.413867 0.484189 0.018953 0.025918
0 0.352086 0.477422 0.023453 0.028203
0 0.295711 0.479111 0.017141 0.022559
0 0.237094 0.472910 0.013531 0.023672
0 0.136523 0.411475 0.014422 0.013535
0 0.088273 0.409775 0.018953 0.012402
0 0.020633 0.404150 0.017141 0.012402
0 0.791320 0.353975 0.014422 0.020293
0 0.764258 0.352842 0.018047 0.022559
0 0.736750 0.350586 0.015344 0.018047
0 0.402141 0.335938 0.017125 0.024805
0 0.378234 0.334248 0.012625 0.021426
0 0.357047 0.331982 0.017125 0.019160
