0 0.203273 0.923301 0.023453 0.024805
0 0.666852 0.797041 0.016234 0.020293
0 0.522094 0.711924 0.018938 0.021426
0 0.600562 0.717559 0.013531 0.021406
0 0.148695 0.685986 0.022547 0.021426
0 0.099102 0.603691 0.017141 0.016914
0 0.637992 0.491523 0.012641 0.015781
0 0.605523 0.489824 0.014422 0.016914
0 0.544641 0.486445 0.013531 0.023672
0 0.512172 0.483623 0.017125 0.020293
0 0.273617 0.471221 0.016234 0.020293
0 0.214094 0.467275 0.018031 0.023691
0 0.097742 0.461641 0.018047 0.016914
0 0.664594 0.342139 0.013531 0.019160
0 0.613641 0.339326 0.012625 0.020293
0 0.208227 0.322969 0.017141 0.019180
0 0.285344 0.326914 0.012625 0.018047
