0 0.846781 0.750254 0.018938 0.021406
0 0.764711 0.666816 0.017141 0.016914
0 0.692109 0.743486 0.014438 0.021426
0 0.651977 0.742920 0.015328 0.020293
0 0.583430 0.660625 0.022547 0.022539
0 0.498648 0.736729 0.017141 0.021426
0 0.459406 0.735596 0.025250 0.023691
0 0.824687 0.519131 0.014438 0.019160
0 0.763805 0.520264 0.017141 0.019160
0 0.635289 0.514062 0.018047 0.018047
0 0.397633 0.449238 0.017141 0.016914
0 0.466625 0.450928 0.018031 0.013535
0 0.517133 0.453184 0.018047 0.013516
0 0.734047 0.366943 0.013531 0.019160
0 0.655109 0.363516 0.018187 0.022734
