0 0.463141 0.640039 0.019938 0.014492
0 0.335398 0.714170 0.015328 0.019160
0 0.521445 0.722422 0.017328 0.025703
0 0.715719 0.730547 0.020562 0.023008
0 0.640500 0.647344 0.015156 0.024336
0 0.313102 0.433594 0.016234 0.018945
0 0.431070 0.434941 0.014078 0.018945
0 0.380750 0.435625 0.015156 0.014883
0 0.545797 0.498525 0.011906 0.016230
0 0.609109 0.500557 0.015156 0.017598
0 0.669187 0.502588 0.011906 0.018926
0 0.733039 0.503271 0.022734 0.020293
0 0.665937 0.351064 0.014063 0.018926
0 0.587219 0.349482 0.010750 0.014277
0 0.991000 0.512832 0.012094 0.016797
0 0.925492 0.510732 0.014109 0.015957
0 0.610484 0.974609 0.017125 0.014648
0 0.372383 0.718125 0.015328 0.018047
